0.000000000000000000e+00,-1.586315401934366376e+00,-1.440185851183848120e+00,-1.920236173031143023e+00,-2.841191896298434827e+00,-7.923014012955139629e-01,-7.944750966366581624e-02,0.000000000000000000e+00
2.000000000000000042e-03,-1.579788758611121224e+00,-1.439785445586331258e+00,-1.914876407378546697e+00,-2.846428989128488851e+00,-7.857964117765393608e-01,-8.019036561530248908e-02,0.000000000000000000e+00
4.000000000000000083e-03,-1.573439108069661252e+00,-1.439606780248972262e+00,-1.909490736065337702e+00,-2.851467928591346457e+00,-7.794682858655612723e-01,-8.093125413472615493e-02,0.000000000000000000e+00
6.000000000000000125e-03,-1.567135681888761622e+00,-1.439510235431677332e+00,-1.904042125911540539e+00,-2.856481673079559691e+00,-7.731865004613541759e-01,-8.167606363263107960e-02,0.000000000000000000e+00
8.000000000000000167e-03,-1.560878686183046593e+00,-1.439496743006479118e+00,-1.898529739447137210e+00,-2.861469973328030658e+00,-7.669512638501093660e-01,-8.242493007908045788e-02,0.000000000000000000e+00
1.000000000000000021e-02,-1.554668414175715441e+00,-1.439565767416909559e+00,-1.892953805115535015e+00,-2.866433150055316403e+00,-7.607628691654055864e-01,-8.317784845472329935e-02,0.000000000000000000e+00
1.200000000000000025e-02,-1.548505124740880978e+00,-1.439716757134778424e+00,-1.887314546310535857e+00,-2.871371546210907066e+00,-7.546215751275626715e-01,-8.393481296459434637e-02,0.000000000000000000e+00
1.400000000000000029e-02,-1.542389055066792691e+00,-1.439949151077028588e+00,-1.881612176400682346e+00,-2.876285525350624983e+00,-7.485276187528312475e-01,-8.469581719008716092e-02,0.000000000000000000e+00
1.600000000000000033e-02,-1.536320420839149881e+00,-1.440262379422623695e+00,-1.875846898538653384e+00,-2.881175470996590882e+00,-7.424812155372721989e-01,-8.546085409755452278e-02,0.000000000000000000e+00
1.800000000000000211e-02,-1.530299416479498964e+00,-1.440655864501445782e+00,-1.870018905402183851e+00,-2.886041785983419761e+00,-7.364825596955365539e-01,-8.622991605155516659e-02,0.000000000000000000e+00
2.000000000000000042e-02,-1.524326215405841678e+00,-1.441129021674333321e+00,-1.864128378936116492e+00,-2.890884891811455581e+00,-7.305318244218692580e-01,-8.700299482854087496e-02,0.000000000000000000e+00
2.199999999999999872e-02,-1.518400970313948051e+00,-1.441681260203413695e+00,-1.858175490095228533e+00,-2.895705228008313536e+00,-7.246291621718333742e-01,-8.778008163094198901e-02,0.000000000000000000e+00
2.400000000000000050e-02,-1.512523813478267032e+00,-1.442311984111916301e+00,-1.852160398587399559e+00,-2.900503251500022195e+00,-7.187747049636388219e-01,-8.856116710162229011e-02,0.000000000000000000e+00
2.600000000000000228e-02,-1.506694857071336102e+00,-1.443020593032758869e+00,-1.846083252616698145e+00,-2.905279435992955239e+00,-7.129685646979813107e-01,-8.934624133866765627e-02,0.000000000000000000e+00
2.800000000000000058e-02,-1.500914193500578975e+00,-1.443806483045297462e+00,-1.839944188625906474e+00,-2.910034271367707426e+00,-7.072108334952788011e-01,-9.013529391047440942e-02,0.000000000000000000e+00
2.999999999999999889e-02,-1.495181895761333646e+00,-1.444669047499626213e+00,-1.833743331038030000e+00,-2.914768263086022770e+00,-7.015015840491454213e-01,-9.092831387110714148e-02,0.000000000000000000e+00
3.200000000000000067e-02,-1.489498017804995911e+00,-1.445607677827962734e+00,-1.827480791996290543e+00,-2.919481931611819459e+00,-6.958408699949862886e-01,-9.172528977589024246e-02,0.000000000000000000e+00
3.400000000000000244e-02,-1.483862594921130151e+00,-1.446621764342676641e+00,-1.821156671102093894e+00,-2.924175811847295581e+00,-6.902287262925680400e-01,-9.252620969720096178e-02,0.000000000000000000e+00
3.600000000000000422e-02,-1.478275644132398092e+00,-1.447710697020590631e+00,-1.814771055150461887e+00,-2.928850452585068709e+00,-6.846651696214099969e-01,-9.333106124043411000e-02,0.000000000000000000e+00
3.799999999999999906e-02,-1.472737164601194859e+00,-1.448873866273281630e+00,-1.808324017862364075e+00,-2.933506415977231274e+00,-6.791501987878877378e-01,-9.413983156010323483e-02,0.000000000000000000e+00
4.000000000000000083e-02,-1.475597049697474183e+00,-1.446803102171935640e+00,-1.804877282575260811e+00,-2.939345395709357600e+00,-6.819980249380924731e-01,-9.372488652270399845e-02,1.000000000000000000e+00
4.200000000000000261e-02,-1.479051946948946261e+00,-1.444633921232687301e+00,-1.802113415550320896e+00,-2.944668518927430867e+00,-6.854383022277513726e-01,-9.322192994262744337e-02,1.000000000000000000e+00
4.399999999999999745e-02,-1.483120493385742256e+00,-1.442390336450413590e+00,-1.800019698683109404e+00,-2.949459601315140400e+00,-6.894897902379423238e-01,-9.263504772795952413e-02,1.000000000000000000e+00
4.599999999999999922e-02,-1.487800878108135993e+00,-1.440083875944589975e+00,-1.798590231320956967e+00,-2.953710201626864151e+00,-6.941507583787169811e-01,-9.196701887961528099e-02,1.000000000000000000e+00
4.800000000000000100e-02,-1.493089157630644426e+00,-1.437728855927539628e+00,-1.797813780656363658e+00,-2.957413907330594949e+00,-6.994173608534957065e-01,-9.122119878247082758e-02,1.000000000000000000e+00
5.000000000000000278e-02,-1.498979041576914861e+00,-1.435342211551162928e+00,-1.797674015643169643e+00,-2.960566302975051745e+00,-7.052834208227293233e-01,-9.040148800342190372e-02,1.000000000000000000e+00
5.200000000000000455e-02,-1.505461649174584249e+00,-1.432943229222687576e+00,-1.798149805148788971e+00,-2.963164981879400361e+00,-7.117401859158678512e-01,-8.951229869275809103e-02,1.000000000000000000e+00
5.399999999999999939e-02,-1.509011197527793335e+00,-1.431766220989728389e+00,-1.798666081327766175e+00,-2.964184245760478120e+00,-7.152759008819317144e-01,-8.903632652186306562e-02,1.000000000000000000e+00
5.600000000000000117e-02,-1.512555805227272065e+00,-1.430583848798128610e+00,-1.799187640972568447e+00,-2.965203942689919270e+00,-7.188066701099908862e-01,-8.856018652949844416e-02,1.000000000000000000e+00
5.800000000000000294e-02,-1.516360477275583873e+00,-1.429394686659085867e+00,-1.800010002212736326e+00,-2.965951815788905321e+00,-7.225966053719818927e-01,-8.805310178233312357e-02,1.000000000000000000e+00
5.999999999999999778e-02,-1.520189461921178431e+00,-1.428229761667767272e+00,-1.800810573177719975e+00,-2.966694834123813074e+00,-7.264108944914851040e-01,-8.754742688845598697e-02,1.000000000000000000e+00
6.199999999999999956e-02,-1.524266778023341873e+00,-1.427067317987025685e+00,-1.801897609626964769e+00,-2.967168782018006823e+00,-7.304726926995180891e-01,-8.701344655770187897e-02,1.000000000000000000e+00
6.400000000000000133e-02,-1.528370908380643156e+00,-1.425932015069590664e+00,-1.802960589576457329e+00,-2.967636912765492685e+00,-7.345613525156763357e-01,-8.648108506142085372e-02,1.000000000000000000e+00
6.600000000000000311e-02,-1.532709966491792697e+00,-1.424808639341961447e+00,-1.804294230482303973e+00,-2.967839922725167501e+00,-7.388841990948338267e-01,-8.592321675780832668e-02,1.000000000000000000e+00
6.800000000000000488e-02,-1.537078175961940074e+00,-1.423715394538119350e+00,-1.805601532221698502e+00,-2.968036088229343950e+00,-7.432362504170381134e-01,-8.536717424425885326e-02,1.000000000000000000e+00
7.000000000000000666e-02,-1.541666161497359022e+00,-1.422643573306684228e+00,-1.807162413814551893e+00,-2.967972226226203603e+00,-7.478074222492355760e-01,-8.478856346163744784e-02,1.000000000000000000e+00
7.200000000000000844e-02,-1.546285412334529097e+00,-1.421604891315733532e+00,-1.808694708386833216e+00,-2.967900451420907082e+00,-7.524099186051298460e-01,-8.421197894195686651e-02,1.000000000000000000e+00
7.399999999999999634e-02,-1.551107492768370122e+00,-1.420596981328394293e+00,-1.810462448098659749e+00,-2.967574888706374203e+00,-7.572146777886658020e-01,-8.361588028651389948e-02,1.000000000000000000e+00
7.599999999999999811e-02,-1.555962674459342221e+00,-1.419625166023339435e+00,-1.812199438707526422e+00,-2.967240330634270062e+00,-7.620526029663229339e-01,-8.302199743079184679e-02,1.000000000000000000e+00
7.799999999999999989e-02,-1.561001914685883118e+00,-1.418693120332471524e+00,-1.814152914784263881e+00,-2.966659372263490191e+00,-7.670741113213830342e-01,-8.241174521300061173e-02,1.000000000000000000e+00
8.000000000000000167e-02,-1.566075764711460927e+00,-1.417799999556391466e+00,-1.816073615320184409e+00,-2.966068350833578116e+00,-7.721302992781475805e-01,-8.180388304486729822e-02,1.000000000000000000e+00
8.200000000000000344e-02,-1.571313068653894085e+00,-1.416955092523654036e+00,-1.818191247233005958e+00,-2.965239464097917388e+00,-7.773495590955206147e-01,-8.118286170613489561e-02,1.000000000000000000e+00
8.400000000000000522e-02,-1.576586121467905999e+00,-1.416151743585077005e+00,-1.820274260516958176e+00,-2.964399491848419554e+00,-7.826046420837280415e-01,-8.056438525672038331e-02,1.000000000000000000e+00
8.600000000000000699e-02,-1.582000205524514369e+00,-1.415404301505542639e+00,-1.822534285314219460e+00,-2.963331332047271172e+00,-7.880004687212819325e-01,-7.993600013649405922e-02,1.000000000000000000e+00
8.799999999999999489e-02,-1.587450775200696995e+00,-1.414700784239398379e+00,-1.824758076242309457e+00,-2.962251140147277528e+00,-7.934328590958766858e-01,-7.931029156466547214e-02,1.000000000000000000e+00
8.999999999999999667e-02,-1.593018178525437811e+00,-1.414059928625596374e+00,-1.827138816118561104e+00,-2.960953570669691448e+00,-7.989818904344495598e-01,-7.867794051230565799e-02,1.000000000000000000e+00
9.199999999999999845e-02,-1.598622379808670502e+00,-1.413465033151254158e+00,-1.829481975040200048e+00,-2.959643127987504396e+00,-8.045678008934743497e-01,-7.804837119133795076e-02,1.000000000000000000e+00
9.400000000000000022e-02,-1.604317515499004809e+00,-1.412938443833446023e+00,-1.831962091609305787e+00,-2.958127231374273247e+00,-8.102445477391040374e-01,-7.741541750887895312e-02,1.000000000000000000e+00
9.600000000000000200e-02,-1.610049326953941540e+00,-1.412459460179374071e+00,-1.834403583495615830e+00,-2.956597753213941804e+00,-8.159580537039019532e-01,-7.678532155583792096e-02,1.000000000000000000e+00
9.800000000000000377e-02,-1.615844576978607616e+00,-1.412053165244451014e+00,-1.836962314536750629e+00,-2.954875829776699714e+00,-8.217349939821267935e-01,-7.615506872215717371e-02,1.000000000000000000e+00
1.000000000000000056e-01,-1.621675948582945281e+00,-1.411695681784709056e+00,-1.839481709790349973e+00,-2.953139772877054536e+00,-8.275481404770733684e-01,-7.552771840497421452e-02,1.000000000000000000e+00
1.020000000000000073e-01,-1.627541803772007745e+00,-1.411413880964629719e+00,-1.842099084585016477e+00,-2.951225323593803740e+00,-8.333958585531366925e-01,-7.490338697927217959e-02,1.000000000000000000e+00
1.040000000000000091e-01,-1.633442809711150856e+00,-1.411181618103403812e+00,-1.844676767704774178e+00,-2.949296364220226785e+00,-8.392788123525569688e-01,-7.428197037862438457e-02,1.000000000000000000e+00
1.059999999999999970e-01,-1.639348054425868728e+00,-1.411026545523126563e+00,-1.847333797498103225e+00,-2.947204055018031177e+00,-8.451661831045701456e-01,-7.366667741307814099e-02,1.000000000000000000e+00
1.079999999999999988e-01,-1.645287090097252047e+00,-1.410921230265108628e+00,-1.849951150241585074e+00,-2.945097047459272588e+00,-8.510874291638804712e-01,-7.305427864380259484e-02,1.000000000000000000e+00
1.100000000000000006e-01,-1.651199029399909035e+00,-1.410893061477412891e+00,-1.852629990840739538e+00,-2.942842652623970601e+00,-8.569818446362560405e-01,-7.245101985457137739e-02,1.000000000000000000e+00
1.120000000000000023e-01,-1.657143049838475823e+00,-1.410914347450109352e+00,-1.855269547021731746e+00,-2.940573566114719206e+00,-8.629084240251836402e-01,-7.185060206762258761e-02,1.000000000000000000e+00
1.140000000000000041e-01,-1.663027775211968429e+00,-1.411011154449777205e+00,-1.857953631086845414e+00,-2.938173889400536254e+00,-8.687760587167032700e-01,-7.126223692387434472e-02,1.000000000000000000e+00
1.160000000000000059e-01,-1.668942570426446448e+00,-1.411156590636150066e+00,-1.860599200703976441e+00,-2.935759722382895731e+00,-8.746738435479347595e-01,-7.067662821891299019e-02,1.000000000000000000e+00
1.180000000000000077e-01,-1.674765258476486052e+00,-1.411374347109139560e+00,-1.863273337890025250e+00,-2.933232495376861593e+00,-8.804799527691549166e-01,-7.010586801576984550e-02,1.000000000000000000e+00
1.199999999999999956e-01,-1.680615759663933284e+00,-1.411639397062965928e+00,-1.865910098901527592e+00,-2.930691167028835142e+00,-8.863139520908956959e-01,-6.953775030106235100e-02,1.000000000000000000e+00
1.219999999999999973e-01,-1.686340996892865096e+00,-1.411972034555652789e+00,-1.868560542667604407e+00,-2.928054925384978802e+00,-8.920231964790499291e-01,-6.898714918926582285e-02,1.000000000000000000e+00
1.239999999999999991e-01,-1.692091606288994354e+00,-1.412350146280855867e+00,-1.871175099400506969e+00,-2.925405145406443363e+00,-8.977578858873673795e-01,-6.843904993461877306e-02,1.000000000000000000e+00
1.260000000000000009e-01,-1.697683732059362960e+00,-1.412789660350890264e+00,-1.873789580008119682e+00,-2.922679084622293200e+00,-9.033346741935101010e-01,-6.791099879216007384e-02,1.000000000000000000e+00
1.280000000000000027e-01,-1.703298668372692282e+00,-1.413272385413001597e+00,-1.876369987908037995e+00,-2.919940203297634262e+00,-9.089343411084624957e-01,-6.738528553676906285e-02,1.000000000000000000e+00
1.300000000000000044e-01,-1.708722127649696665e+00,-1.413808989232869351e+00,-1.878937711870096061e+00,-2.917144016679520835e+00,-9.143431828403695283e-01,-6.688200849006123438e-02,1.000000000000000000e+00
1.320000000000000062e-01,-1.714165778672480656e+00,-1.414386148121048015e+00,-1.881473469046815117e+00,-2.914335858152589331e+00,-9.197722790327065301e-01,-6.638088589443848220e-02,1.000000000000000000e+00
1.340000000000000080e-01,-1.719385476077647024e+00,-1.415008469531660928e+00,-1.883985086048610258e+00,-2.911489560432619417e+00,-9.249781384783783977e-01,-6.590443923228359036e-02,1.000000000000000000e+00
1.360000000000000098e-01,-1.724622750179775954e+00,-1.415668358883155786e+00,-1.886467092836108472e+00,-2.908632242865851758e+00,-9.302016315451617778e-01,-6.542994840484915586e-02,1.000000000000000000e+00
1.380000000000000115e-01,-1.729604397292570317e+00,-1.416363675611420403e+00,-1.888914631909517805e+00,-2.905755983533881981e+00,-9.351702751047539230e-01,-6.498222157977345814e-02,1.000000000000000000e+00
1.400000000000000133e-01,-1.734601066059735741e+00,-1.417093311714443304e+00,-1.891335120416725468e+00,-2.902869730329026510e+00,-9.401539911461153087e-01,-6.453624136604485528e-02,1.000000000000000000e+00
1.420000000000000151e-01,-1.739311514719182883e+00,-1.417847818432926621e+00,-1.893711897888061380e+00,-2.899983601089530794e+00,-9.448523207145569369e-01,-6.411895974556348909e-02,1.000000000000000000e+00
1.440000000000000169e-01,-1.744034539930612748e+00,-1.418633210487972862e+00,-1.896064334246547523e+00,-2.897088547593963614e+00,-9.495632713970603156e-01,-6.370320964168919853e-02,1.000000000000000000e+00
1.459999999999999909e-01,-1.748442095433125232e+00,-1.419432310643567341e+00,-1.898364836673833711e+00,-2.894212388436711691e+00,-9.539596376833086033e-01,-6.331793865646766217e-02,1.000000000000000000e+00
1.479999999999999927e-01,-1.752859934795952368e+00,-1.420258756615375706e+00,-1.900643799367832454e+00,-2.891328388542649286e+00,-9.583663260968612319e-01,-6.293398299845409660e-02,1.000000000000000000e+00
1.499999999999999944e-01,-1.756934644253804745e+00,-1.421087371501561503e+00,-1.902863545312219351e+00,-2.888481596737863200e+00,-9.624308171339571727e-01,-6.258213333382248167e-02,1.000000000000000000e+00
1.519999999999999962e-01,-1.761017531712179895e+00,-1.421939769040381218e+00,-1.905064583582397608e+00,-2.885628033520763136e+00,-9.665035182503659561e-01,-6.223138641753515887e-02,1.000000000000000000e+00
1.539999999999999980e-01,-1.761017531712179895e+00,-1.421939769040381218e+00,-1.905064583582397608e+00,-2.885628033520763136e+00,-9.665035182503659561e-01,-6.223138641753515887e-02,1.000000000000000000e+00
1.559999999999999998e-01,-1.768440885248248939e+00,-1.423612778157269387e+00,-1.909345437671411183e+00,-2.880034339691795342e+00,-9.739084323217448436e-01,-6.159644919589135625e-02,1.000000000000000000e+00
1.580000000000000016e-01,-1.775103168357166750e+00,-1.425319025043893628e+00,-1.913424390894863603e+00,-2.874562925810964842e+00,-9.805544026805883551e-01,-6.103471678860534350e-02,1.000000000000000000e+00
1.600000000000000033e-01,-1.780943780436894608e+00,-1.426990930649960854e+00,-1.917326842710419754e+00,-2.869258806603340872e+00,-9.863808323733427308e-01,-6.054636536967305388e-02,1.000000000000000000e+00
1.620000000000000051e-01,-1.785921900812186935e+00,-1.428601065769923295e+00,-1.921048683838295634e+00,-2.864153636747572396e+00,-9.913469513171492276e-01,-6.013310805452025398e-02,1.000000000000000000e+00
1.640000000000000069e-01,-1.790001903217759871e+00,-1.430124129108785835e+00,-1.924586107152410852e+00,-2.859276645110977899e+00,-9.954171760533500057e-01,-5.979642083306561939e-02,1.000000000000000000e+00
1.660000000000000087e-01,-1.793153889317910865e+00,-1.431537528361482847e+00,-1.927935303419274327e+00,-2.854654340431229897e+00,-9.985616442474590793e-01,-5.953754508101157666e-02,1.000000000000000000e+00
1.680000000000000104e-01,-1.793153889317910865e+00,-1.431537528361482847e+00,-1.927935303419274327e+00,-2.854654340431229897e+00,-9.985616442474590793e-01,-5.953754508101157666e-02,1.000000000000000000e+00
1.700000000000000122e-01,-1.796582945450949653e+00,-1.433931541892828010e+00,-1.934073258957750063e+00,-2.846274154840755077e+00,-1.001982542116992336e+00,-5.925661538157073888e-02,1.000000000000000000e+00
1.720000000000000140e-01,-1.796582945450949653e+00,-1.433931541892828010e+00,-1.934073258957750063e+00,-2.846274154840755077e+00,-1.001982542116992336e+00,-5.925661538157073888e-02,1.000000000000000000e+00
1.740000000000000158e-01,-1.796093478123852227e+00,-1.435743602950471987e+00,-1.939370224719691560e+00,-2.839142846308638113e+00,-1.001494254158358466e+00,-5.929722949731056070e-02,1.000000000000000000e+00
1.759999999999999898e-01,-1.796093478123852227e+00,-1.435743602950471987e+00,-1.939370224719691560e+00,-2.839142846308638113e+00,-1.001494254158358466e+00,-5.929722949731056070e-02,1.000000000000000000e+00
1.779999999999999916e-01,-1.791658875659517758e+00,-1.436874236387201798e+00,-1.943812651890082899e+00,-2.833374315867148496e+00,-9.970701822687720872e-01,-5.965985242626104662e-02,1.000000000000000000e+00
1.799999999999999933e-01,-1.791658875659517758e+00,-1.436874236387201798e+00,-1.943812651890082899e+00,-2.833374315867148496e+00,-9.970701822687720872e-01,-5.965985242626104662e-02,1.000000000000000000e+00
1.819999999999999951e-01,-1.783361269820025408e+00,-1.437347223463647294e+00,-1.947330229797469947e+00,-2.829012137618551748e+00,-9.887924225025285230e-01,-6.034326265902147102e-02,1.000000000000000000e+00
1.839999999999999969e-01,-1.777840156144589567e+00,-1.437407192107723608e+00,-1.948680239768415312e+00,-2.827345485780289103e+00,-9.832847438696065145e-01,-6.080590491907154893e-02,1.000000000000000000e+00
1.859999999999999987e-01,-1.771415485607019891e+00,-1.437313165068936360e+00,-1.949789435596171350e+00,-2.826030123389676518e+00,-9.768757466464598194e-01,-6.134558793541692451e-02,1.000000000000000000e+00
1.880000000000000004e-01,-1.764140385853277371e+00,-1.437118108393798055e+00,-1.950620547602103017e+00,-2.825047484020150712e+00,-9.696185585375908245e-01,-6.196236135311385812e-02,1.000000000000000000e+00
1.900000000000000022e-01,-1.756058674200691616e+00,-1.436845937466726619e+00,-1.951161958781692851e+00,-2.824384774969111778e+00,-9.615569549621987289e-01,-6.265475957068553092e-02,1.000000000000000000e+00
1.920000000000000040e-01,-1.747219409967937898e+00,-1.436523032839229996e+00,-1.951402577172724140e+00,-2.824026281612882716e+00,-9.527399448144457939e-01,-6.342104312469865057e-02,1.000000000000000000e+00
1.940000000000000058e-01,-1.742461503280172463e+00,-1.436372226886936554e+00,-1.951349034790739845e+00,-2.823984353684652948e+00,-9.479942449486552514e-01,-6.384133176360654027e-02,1.000000000000000000e+00
1.960000000000000075e-01,-1.737700945291550836e+00,-1.436216376251240101e+00,-1.951299761148210354e+00,-2.823943670516854798e+00,-9.432458863305231977e-01,-6.426135761768327070e-02,1.000000000000000000e+00
1.980000000000000093e-01,-1.732599399152626285e+00,-1.436034439632868143e+00,-1.951115453668517130e+00,-2.824043068541796764e+00,-9.381574994409527246e-01,-6.471445385634941316e-02,1.000000000000000000e+00
2.000000000000000111e-01,-1.727517998852830639e+00,-1.435884315304754688e+00,-1.950904489982502765e+00,-2.824134256165672152e+00,-9.330893110208138275e-01,-6.516935849027570560e-02,1.000000000000000000e+00
2.020000000000000129e-01,-1.722124166291852276e+00,-1.435719088792812848e+00,-1.950558349651826395e+00,-2.824355121281485026e+00,-9.277096051526478870e-01,-6.565575592248537595e-02,1.000000000000000000e+00
2.040000000000000147e-01,-1.716753564435405277e+00,-1.435589750373291951e+00,-1.950182197736956446e+00,-2.824566663802121180e+00,-9.223531895627558042e-01,-6.614420005317787898e-02,1.000000000000000000e+00
2.060000000000000164e-01,-1.711100622333198817e+00,-1.435456310986646500e+00,-1.949671746550079909e+00,-2.824896555641140505e+00,-9.167152979147731306e-01,-6.666239237364568471e-02,1.000000000000000000e+00
2.080000000000000182e-01,-1.705474078418859785e+00,-1.435362723147616926e+00,-1.949128031686381934e+00,-2.825216033486362299e+00,-9.111038707807544990e-01,-6.718286303531374737e-02,1.000000000000000000e+00
2.099999999999999922e-01,-1.699596703094120587e+00,-1.435275803352009660e+00,-1.948452049909848549e+00,-2.825641744358555307e+00,-9.052424208839782160e-01,-6.773116805406763363e-02,1.000000000000000000e+00
2.119999999999999940e-01,-1.693748915500599583e+00,-1.435232491663286147e+00,-1.947739725426202551e+00,-2.826056003593836685e+00,-8.994106314593771634e-01,-6.828197135592181666e-02,1.000000000000000000e+00
2.139999999999999958e-01,-1.687682941283207283e+00,-1.435206127328907622e+00,-1.946898444918990778e+00,-2.826563739292484723e+00,-8.933614035681731735e-01,-6.885852475968508302e-02,1.000000000000000000e+00
2.159999999999999976e-01,-1.681649699139832199e+00,-1.435226830194037184e+00,-1.946017980638066414e+00,-2.827059072992128552e+00,-8.873449864282931809e-01,-6.943777983926610609e-02,1.000000000000000000e+00
2.179999999999999993e-01,-1.675431754006766916e+00,-1.435274021966362223e+00,-1.945013258208732942e+00,-2.827634638455519323e+00,-8.811445490151877946e-01,-7.004053037837092155e-02,1.000000000000000000e+00
2.200000000000000011e-01,-1.669249567743263718e+00,-1.435371358132389696e+00,-1.943966808010676006e+00,-2.828196971538409432e+00,-8.749799544739228496e-01,-7.064616487287145308e-02,1.000000000000000000e+00
2.220000000000000029e-01,-1.662916692966599275e+00,-1.435503755187022223e+00,-1.942802274083995417e+00,-2.828825956479858572e+00,-8.686652837880702860e-01,-7.127287133133022867e-02,1.000000000000000000e+00
2.240000000000000047e-01,-1.656622411466023959e+00,-1.435688916478570665e+00,-1.941593817395278920e+00,-2.829441028836412020e+00,-8.623892949733888980e-01,-7.190261876765692561e-02,1.000000000000000000e+00
2.260000000000000064e-01,-1.650211674020565233e+00,-1.435916532016901614e+00,-1.940274995246215939e+00,-2.830108988030667128e+00,-8.559973874215257572e-01,-7.255084910430135980e-02,1.000000000000000000e+00
2.280000000000000082e-01,-1.643842097504618183e+00,-1.436199010428335754e+00,-1.938910447942401971e+00,-2.830762530632788820e+00,-8.496467331499327758e-01,-7.320224858926460687e-02,1.000000000000000000e+00
2.300000000000000100e-01,-1.637390204914390912e+00,-1.436529977456690865e+00,-1.937444839538466468e+00,-2.831455153629330201e+00,-8.432142201893993994e-01,-7.386938160611103421e-02,1.000000000000000000e+00
2.320000000000000118e-01,-1.630981703435938401e+00,-1.436917334761349752e+00,-1.935932130566739628e+00,-2.832133052535816820e+00,-8.368251935241768358e-01,-7.453978015950898928e-02,1.000000000000000000e+00
2.340000000000000135e-01,-1.624524631155309207e+00,-1.437357709438271014e+00,-1.934329265955745170e+00,-2.832836318015340193e+00,-8.303879691726733236e-01,-7.522301000249664860e-02,1.000000000000000000e+00
2.360000000000000153e-01,-1.618112778778145744e+00,-1.437855396072826197e+00,-1.932678376899967132e+00,-2.833524761763738908e+00,-8.239960617542616550e-01,-7.590956781827015720e-02,1.000000000000000000e+00
2.380000000000000171e-01,-1.611685420046855999e+00,-1.438409014263050789e+00,-1.930949825050370716e+00,-2.834225072543591573e+00,-8.175889326625326303e-01,-7.660591154647533596e-02,1.000000000000000000e+00
2.399999999999999911e-01,-1.605304654419454913e+00,-1.439020242488960211e+00,-1.929172790838375340e+00,-2.834910679321456684e+00,-8.112284945239681688e-01,-7.730561039239638998e-02,1.000000000000000000e+00
2.419999999999999929e-01,-1.598940501794145153e+00,-1.439688633221581471e+00,-1.927332130842477564e+00,-2.835594975092402326e+00,-8.048848618184644144e-01,-7.801191876753527099e-02,1.000000000000000000e+00
2.439999999999999947e-01,-1.592623817886447357e+00,-1.440414307559019891e+00,-1.925443000791223547e+00,-2.836264897236917104e+00,-7.985887954585370041e-01,-7.872157364538361068e-02,1.000000000000000000e+00
2.459999999999999964e-01,-1.586354684380594016e+00,-1.441196664972339336e+00,-1.923505753336567592e+00,-2.836920743390079380e+00,-7.923403762876867207e-01,-7.943454519801843028e-02,1.000000000000000000e+00
2.479999999999999982e-01,-1.580133369716772540e+00,-1.442035370773120606e+00,-1.921520512706131001e+00,-2.837562748078611641e+00,-7.861398723355350615e-01,-8.015081928846577719e-02,1.000000000000000000e+00
2.500000000000000000e-01,-1.573989155771208459e+00,-1.442928583976956336e+00,-1.919504032670219518e+00,-2.838178400349184116e+00,-7.800164673405817206e-01,-8.086701761600199878e-02,1.000000000000000000e+00
2.520000000000000018e-01,-1.567892572667333173e+00,-1.443876632889793621e+00,-1.917440485817314189e+00,-2.838780926702554108e+00,-7.739407873185034648e-01,-8.158644043085656883e-02,1.000000000000000000e+00
2.540000000000000036e-01,-1.561901083157735126e+00,-1.444875371125784902e+00,-1.915363817713872097e+00,-2.839345372699386694e+00,-7.679700982311307156e-01,-8.230231458084034946e-02,1.000000000000000000e+00
2.560000000000000053e-01,-1.555956501403630066e+00,-1.445926900243304170e+00,-1.913241434771576710e+00,-2.839897566809424845e+00,-7.620464078498467853e-01,-8.302130314560038360e-02,1.000000000000000000e+00
2.580000000000000071e-01,-1.550143314724677923e+00,-1.447023748899885831e+00,-1.911125133549863131e+00,-2.840400546705836859e+00,-7.562539072493426051e-01,-8.373321084167274775e-02,1.000000000000000000e+00
2.600000000000000089e-01,-1.544375795991286493e+00,-1.448170868676655232e+00,-1.908964863292655245e+00,-2.840892277215525397e+00,-7.505071615093081849e-01,-8.444809363894090204e-02,1.000000000000000000e+00
2.620000000000000107e-01,-1.538764185099515513e+00,-1.449356510217039817e+00,-1.906830783650250938e+00,-2.841324286853593950e+00,-7.449160146118480874e-01,-8.515232702115554941e-02,1.000000000000000000e+00
2.640000000000000124e-01,-1.533196518261366714e+00,-1.450589494897053022e+00,-1.904654835821316894e+00,-2.841746144579431199e+00,-7.393688938901321617e-01,-8.585937034507050425e-02,1.000000000000000000e+00
2.660000000000000142e-01,-1.527807421557103806e+00,-1.451852927650375547e+00,-1.902525893729911433e+00,-2.842098424921872812e+00,-7.339999302390628477e-01,-8.655218382520969700e-02,1.000000000000000000e+00
2.680000000000000160e-01,-1.522460106230080878e+00,-1.453160440990265423e+00,-1.900357494608453601e+00,-2.842441710561701917e+00,-7.286728246500364659e-01,-8.724762013218982648e-02,1.000000000000000000e+00
2.700000000000000178e-01,-1.517312144433438759e+00,-1.454489228065027007e+00,-1.898257405173533030e+00,-2.842706227778867500e+00,-7.235445558490473106e-01,-8.792525991096183935e-02,1.000000000000000000e+00
2.720000000000000195e-01,-1.512203418446166792e+00,-1.455858576598222820e+00,-1.896120530547794392e+00,-2.842962931974100105e+00,-7.184555935838501384e-01,-8.860531770489669945e-02,1.000000000000000000e+00
2.740000000000000213e-01,-1.507312952256817162e+00,-1.457239116893711994e+00,-1.894073526634972193e+00,-2.843132352478157987e+00,-7.135842718486256064e-01,-8.926405246275236072e-02,1.000000000000000000e+00
2.760000000000000231e-01,-1.502458857566923101e+00,-1.458656522828745361e+00,-1.891992616631630320e+00,-2.843295132408633741e+00,-7.087493859904661075e-01,-8.992498722406079559e-02,1.000000000000000000e+00
2.780000000000000249e-01,-1.497840079936008983e+00,-1.460074336203955214e+00,-1.890023152906791015e+00,-2.843362796871383491e+00,-7.041490973325557068e-01,-9.056113948072361253e-02,1.000000000000000000e+00
2.800000000000000266e-01,-1.493254560698350941e+00,-1.461525222238335253e+00,-1.888022813321522442e+00,-2.843424953191870941e+00,-6.995821248404018311e-01,-9.119926513783604971e-02,1.000000000000000000e+00
2.820000000000000284e-01,-1.488919616988569450e+00,-1.462965241286271922e+00,-1.886155260482534679e+00,-2.843384853058566364e+00,-6.952649101446961577e-01,-9.180924277618592033e-02,1.000000000000000000e+00
2.840000000000000302e-01,-1.484614643073003615e+00,-1.464434520078408575e+00,-1.884259955373188689e+00,-2.843340310395337855e+00,-6.909777162885132329e-01,-9.242096322335681402e-02,1.000000000000000000e+00
2.860000000000000320e-01,-1.480573772211806638e+00,-1.465881381571623177e+00,-1.882518289410601176e+00,-2.843187069700502612e+00,-6.869537133750625024e-01,-9.300129068881234085e-02,1.000000000000000000e+00
2.880000000000000338e-01,-1.476559481415804065e+00,-1.467353743271526012e+00,-1.880752029765215383e+00,-2.843030363182876830e+00,-6.829563348540340639e-01,-9.358313087329964142e-02,1.000000000000000000e+00
2.899999999999999800e-01,-1.472821171304276922e+00,-1.468792073113732721e+00,-1.879159521088923368e+00,-2.842759227657838839e+00,-6.792339347733273858e-01,-9.413047958753940903e-02,1.000000000000000000e+00
2.919999999999999818e-01,-1.469106023752771328e+00,-1.470252265133268343e+00,-1.877545554374739467e+00,-2.842485497134427330e+00,-6.755347349963992665e-01,-9.467911571925650971e-02,1.000000000000000000e+00
2.939999999999999836e-01,-1.465677174611794253e+00,-1.471666951499188691e+00,-1.876124461590114700e+00,-2.842092331741401079e+00,-6.721207462273146582e-01,-9.519033328394707616e-02,1.000000000000000000e+00
2.959999999999999853e-01,-1.462268113313870188e+00,-1.473100045536394509e+00,-1.874684966932300467e+00,-2.841697324491837318e+00,-6.687265767137159367e-01,-9.570262175873460453e-02,1.000000000000000000e+00
2.979999999999999871e-01,-1.456029587238857559e+00,-1.475842999588337534e+00,-1.872237447660821674e+00,-2.840660921268707284e+00,-6.625154829399436673e-01,-9.664631360173960017e-02,1.000000000000000000e+00
2.999999999999999889e-01,-1.450458269295739067e+00,-1.478508723955326287e+00,-1.870186427667579476e+00,-2.839365049967478960e+00,-6.569692126349322425e-01,-9.750796715936946302e-02,1.000000000000000000e+00
3.019999999999999907e-01,-1.445528316743888375e+00,-1.481041333232758106e+00,-1.868596745448867003e+00,-2.837808640897416801e+00,-6.520617308368786835e-01,-9.828088886086253084e-02,1.000000000000000000e+00
3.039999999999999925e-01,-1.441244252427437145e+00,-1.483417905720252117e+00,-1.867498926323805319e+00,-2.835988394396234735e+00,-6.477974313676282403e-01,-9.896071806556384909e-02,1.000000000000000000e+00
3.059999999999999942e-01,-1.437608989226612621e+00,-1.485618017184468398e+00,-1.866918890709703183e+00,-2.833902592007450760e+00,-6.441791170062688421e-01,-9.954367479893462545e-02,1.000000000000000000e+00
3.079999999999999960e-01,-1.434624065492300593e+00,-1.487624187684963184e+00,-1.866877514722616427e+00,-2.831551027083024863e+00,-6.412082339848342860e-01,-1.000265970511462349e-01,1.000000000000000000e+00
3.099999999999999978e-01,-1.434624065492300593e+00,-1.487624187684963184e+00,-1.866877514722616427e+00,-2.831551027083024863e+00,-6.412082339848342860e-01,-1.000265970511462349e-01,1.000000000000000000e+00
3.119999999999999996e-01,-1.430590558379490007e+00,-1.490980520924488406e+00,-1.868488664240651742e+00,-2.826057519303199594e+00,-6.371937958962510251e-01,-1.006824689672955603e-01,1.000000000000000000e+00
3.140000000000000013e-01,-1.430590558379490007e+00,-1.490980520924488406e+00,-1.868488664240651742e+00,-2.826057519303199594e+00,-6.371937958962510251e-01,-1.006824689672955603e-01,1.000000000000000000e+00
3.160000000000000031e-01,-1.429177605779173854e+00,-1.493458197409316401e+00,-1.872337476179335658e+00,-2.819541269730700517e+00,-6.357876796766077643e-01,-1.009175867467708709e-01,1.000000000000000000e+00
3.180000000000000049e-01,-1.429177605779173854e+00,-1.493458197409316401e+00,-1.872337476179335658e+00,-2.819541269730700517e+00,-6.357876796766077643e-01,-1.009175867467708709e-01,1.000000000000000000e+00
3.200000000000000067e-01,-1.430326098792619849e+00,-1.495001500944424855e+00,-1.878426578289413618e+00,-2.812060433347899124e+00,-6.369306924212284615e-01,-1.007290891933763921e-01,1.000000000000000000e+00
3.220000000000000084e-01,-1.430326098792619849e+00,-1.495001500944424855e+00,-1.878426578289413618e+00,-2.812060433347899124e+00,-6.369306924212284615e-01,-1.007290891933763921e-01,1.000000000000000000e+00
3.240000000000000102e-01,-1.434001942640935612e+00,-1.495644163254329584e+00,-1.886627362810692876e+00,-2.803701352882137066e+00,-6.405890163332399467e-01,-1.001265073406253509e-01,1.000000000000000000e+00
3.260000000000000120e-01,-1.436786968484102145e+00,-1.495695322617189404e+00,-1.891423741876126607e+00,-2.799213392791385591e+00,-6.433609792060335231e-01,-9.967718998772583106e-02,1.000000000000000000e+00
3.280000000000000138e-01,-1.440180166533542971e+00,-1.495524232873734594e+00,-1.896682773310284897e+00,-2.794561377461729279e+00,-6.467383227674724511e-01,-9.913186928611478210e-02,1.000000000000000000e+00
3.300000000000000155e-01,-1.444179853883349240e+00,-1.495180656825032317e+00,-1.902342055310482394e+00,-2.789753106284746487e+00,-6.507195043814351099e-01,-9.849533127855077119e-02,1.000000000000000000e+00
3.320000000000000173e-01,-1.448775946787211222e+00,-1.494682952451158231e+00,-1.908358926770674646e+00,-2.784808621253120453e+00,-6.552945712056376104e-01,-9.777208124545094803e-02,1.000000000000000000e+00
3.340000000000000191e-01,-1.448775946787211222e+00,-1.494682952451158231e+00,-1.908358926770674646e+00,-2.784808621253120453e+00,-6.552945712056376104e-01,-9.777208124545094803e-02,1.000000000000000000e+00
3.360000000000000209e-01,-1.453956888133101533e+00,-1.494050991432647191e+00,-1.914687254132953376e+00,-2.779749486560413096e+00,-6.604521111178960346e-01,-9.696709964064594012e-02,1.000000000000000000e+00
3.380000000000000226e-01,-1.456844537632798753e+00,-1.493697270899254859e+00,-1.917967592787467535e+00,-2.777168849170798648e+00,-6.633269773950501991e-01,-9.652737003859743203e-02,1.000000000000000000e+00
3.400000000000000244e-01,-1.459730282463157058e+00,-1.493338579543619371e+00,-1.921251595753975749e+00,-2.774589777490549913e+00,-6.661999332628170123e-01,-9.608745033325402640e-02,1.000000000000000000e+00
3.420000000000000262e-01,-1.462877603905635482e+00,-1.492909289351753044e+00,-1.924661165377025585e+00,-2.771983664283136584e+00,-6.693334051260795281e-01,-9.561101973839622459e-02,1.000000000000000000e+00
3.440000000000000280e-01,-1.466042910839419067e+00,-1.492506353371898520e+00,-1.928049266784545690e+00,-2.769370605413490338e+00,-6.724849021490836298e-01,-9.513594395360566724e-02,1.000000000000000000e+00
3.460000000000000298e-01,-1.469458229935965310e+00,-1.492040691556991927e+00,-1.931538967683621433e+00,-2.766744030604284088e+00,-6.758854345635399996e-01,-9.462725855419724941e-02,1.000000000000000000e+00
3.480000000000000315e-01,-1.472894252740584831e+00,-1.491604448085261270e+00,-1.935004556232111872e+00,-2.764109795658055813e+00,-6.793067156910962412e-01,-9.412011055059039955e-02,1.000000000000000000e+00
3.500000000000000333e-01,-1.476567540903427567e+00,-1.491113238859628431e+00,-1.938547156257539816e+00,-2.761476204658422695e+00,-6.829643738978176115e-01,-9.358239510831517505e-02,1.000000000000000000e+00
3.519999999999999796e-01,-1.480264209237688755e+00,-1.490654441225047755e+00,-1.942063057667763104e+00,-2.758834255205960595e+00,-6.866454625058403538e-01,-9.304639592428633199e-02,1.000000000000000000e+00
3.539999999999999813e-01,-1.484184122793589244e+00,-1.490148187136394631e+00,-1.945630992670063009e+00,-2.756207667881248824e+00,-6.905490001118199661e-01,-9.248299431465016596e-02,1.000000000000000000e+00
3.559999999999999831e-01,-1.488129992638985932e+00,-1.489677208331060321e+00,-1.949169750061997330e+00,-2.753572054761773913e+00,-6.944785492485046063e-01,-9.192148064722525935e-02,1.000000000000000000e+00
3.579999999999999849e-01,-1.492283767859940991e+00,-1.489165859629479449e+00,-1.952735422684593436e+00,-2.750967029741596459e+00,-6.986153024397923073e-01,-9.133582783443035258e-02,1.000000000000000000e+00
3.599999999999999867e-01,-1.496465917922987998e+00,-1.488692462109444836e+00,-1.956269593708098276e+00,-2.748352358546138685e+00,-7.027804904138099662e-01,-9.075222410225285141e-02,1.000000000000000000e+00
3.619999999999999885e-01,-1.500839277978439634e+00,-1.488185192856390504e+00,-1.959805667255943629e+00,-2.745783955680934252e+00,-7.071362840870282218e-01,-9.014781796578474893e-02,1.000000000000000000e+00
3.639999999999999902e-01,-1.505243219218034056e+00,-1.487718306184243611e+00,-1.963308115698867873e+00,-2.743205349804711535e+00,-7.115227231781338091e-01,-8.954560826391830264e-02,1.000000000000000000e+00
3.659999999999999920e-01,-1.509820297349448559e+00,-1.487223301992262492e+00,-1.966787799189754882e+00,-2.740689089312036586e+00,-7.160817933000263036e-01,-8.892598160074266511e-02,1.000000000000000000e+00
3.679999999999999938e-01,-1.514429900257732609e+00,-1.486770813539769476e+00,-1.970231976954669895e+00,-2.738162148965681997e+00,-7.206734562308694247e-01,-8.830868190127287576e-02,1.000000000000000000e+00
3.699999999999999956e-01,-1.519193183753766885e+00,-1.486295076297804441e+00,-1.973629297272383010e+00,-2.735713965484379173e+00,-7.254183930144524339e-01,-8.767737495960674365e-02,1.000000000000000000e+00
3.719999999999999973e-01,-1.523990627978716095e+00,-1.485863640501678518e+00,-1.976989512602869148e+00,-2.733254720775725843e+00,-7.301975617822240583e-01,-8.704850591632264101e-02,1.000000000000000000e+00
3.739999999999999991e-01,-1.528920927358200954e+00,-1.485412815609301607e+00,-1.980279569698455422e+00,-2.730890910345774802e+00,-7.351092780970649443e-01,-8.640903981579410587e-02,1.000000000000000000e+00
3.760000000000000009e-01,-1.533886678010133009e+00,-1.485007687385565545e+00,-1.983531237571681149e+00,-2.728515766394983721e+00,-7.400565195174623190e-01,-8.577210052769040916e-02,1.000000000000000000e+00
3.780000000000000027e-01,-1.538963125429550383e+00,-1.484585918996824461e+00,-1.986690438743474951e+00,-2.726252924328486316e+00,-7.451142485607583632e-01,-8.512795191092986657e-02,1.000000000000000000e+00
3.800000000000000044e-01,-1.544075939939444142e+00,-1.484210816820868528e+00,-1.989810309448647674e+00,-2.723978596389124984e+00,-7.502084204020590397e-01,-8.448639498664607672e-02,1.000000000000000000e+00
3.820000000000000062e-01,-1.549276020217116301e+00,-1.483820636339455712e+00,-1.992816578895997504e+00,-2.721833544117898906e+00,-7.553897460321394863e-01,-8.384097222798629623e-02,1.000000000000000000e+00
3.840000000000000080e-01,-1.554512988904019011e+00,-1.483477640148056942e+00,-1.995782941011303935e+00,-2.719676980865287419e+00,-7.606080369058900725e-01,-8.319818047072558009e-02,1.000000000000000000e+00
3.860000000000000098e-01,-1.559812605697712184e+00,-1.483119892686891594e+00,-1.998615901123812932e+00,-2.717666680154871894e+00,-7.658889591833948352e-01,-8.255480173816408251e-02,1.000000000000000000e+00
3.880000000000000115e-01,-1.565149228265713344e+00,-1.482809381128102233e+00,-2.001408755409575413e+00,-2.715644973676806462e+00,-7.712069644204547769e-01,-8.191406673778224568e-02,1.000000000000000000e+00
3.900000000000000133e-01,-1.570522806876159194e+00,-1.482483193832495827e+00,-2.004049876642657324e+00,-2.713786427081680497e+00,-7.765620018370658073e-01,-8.127594016473797811e-02,1.000000000000000000e+00
3.920000000000000151e-01,-1.575933105928988054e+00,-1.482203824472060782e+00,-2.006651077803062844e+00,-2.711916708655091934e+00,-7.819538364440801193e-01,-8.064044304085377091e-02,1.000000000000000000e+00
3.940000000000000169e-01,-1.581353732972023973e+00,-1.481906619513626122e+00,-2.009083794515106547e+00,-2.710226845733963774e+00,-7.873561650874665307e-01,-8.001064921525294360e-02,1.000000000000000000e+00
3.960000000000000187e-01,-1.586810404356140625e+00,-1.481655354419511017e+00,-2.011477158355365891e+00,-2.708526167165399290e+00,-7.927946136001357003e-01,-7.938344370341446354e-02,1.000000000000000000e+00
3.980000000000000204e-01,-1.592250003213047993e+00,-1.481382908130834286e+00,-2.013686948646141950e+00,-2.707021716738999384e+00,-7.982162421689836806e-01,-7.876492062471232569e-02,1.000000000000000000e+00
4.000000000000000222e-01,-1.597724601647038556e+00,-1.481155085843619768e+00,-2.015858322866400876e+00,-2.705506917841101977e+00,-8.036729438637305600e-01,-7.814891863855318033e-02,1.000000000000000000e+00
4.020000000000000240e-01,-1.603154141243452013e+00,-1.480901633939543105e+00,-2.017832751254169388e+00,-2.704204267402830375e+00,-8.090849220857144752e-01,-7.754444923056769134e-02,1.000000000000000000e+00
4.040000000000000258e-01,-1.608617298343915092e+00,-1.480691087262958394e+00,-2.019770048965157105e+00,-2.702891831013004786e+00,-8.145305886618662283e-01,-7.694240896887408199e-02,1.000000000000000000e+00
4.060000000000000275e-01,-1.614007031508603474e+00,-1.480449474463533033e+00,-2.021498771652578963e+00,-2.701806875228825344e+00,-8.199032453664293341e-01,-7.635461117042711965e-02,1.000000000000000000e+00
4.080000000000000293e-01,-1.619428702067990500e+00,-1.480248691863502497e+00,-2.023191967647213652e+00,-2.700712771981735649e+00,-8.253079069543927115e-01,-7.576912777190535075e-02,1.000000000000000000e+00
4.100000000000000311e-01,-1.624748428570503611e+00,-1.480010562591839829e+00,-2.024666701123260637e+00,-2.699860752969539313e+00,-8.306111128979917213e-01,-7.520044716126922379e-02,1.000000000000000000e+00
4.120000000000000329e-01,-1.630098159864690199e+00,-1.479810889372673133e+00,-2.026107791959038007e+00,-2.699000278742265557e+00,-8.359443871693333916e-01,-7.463394584465728177e-02,1.000000000000000000e+00
4.140000000000000346e-01,-1.635317508303939293e+00,-1.479566914649723897e+00,-2.027322246725014043e+00,-2.698395621436090686e+00,-8.411478367820559576e-01,-7.408665069080913601e-02,1.000000000000000000e+00
4.160000000000000364e-01,-1.640564726379617477e+00,-1.479358788583420958e+00,-2.028505176719827219e+00,-2.697783230931621645e+00,-8.463792151079426729e-01,-7.354138225688609809e-02,1.000000000000000000e+00
4.179999999999999827e-01,-1.645653448456057877e+00,-1.479098922878701039e+00,-2.029454958964183930e+00,-2.697439377258114224e+00,-8.514527206893598432e-01,-7.301756083354278559e-02,1.000000000000000000e+00
4.199999999999999845e-01,-1.650767754823825761e+00,-1.478872137690187438e+00,-2.030375515233509454e+00,-2.697088517531728069e+00,-8.565518647680414599e-01,-7.249559935138230604e-02,1.000000000000000000e+00
4.219999999999999862e-01,-1.655696025215072309e+00,-1.478585898395561982e+00,-2.031058000260384855e+00,-2.697017763319523365e+00,-8.614656563459182070e-01,-7.199715930126936170e-02,1.000000000000000000e+00
4.239999999999999880e-01,-1.660647497182178522e+00,-1.478329887527435105e+00,-2.031713680874336792e+00,-2.696940711157173265e+00,-8.664026985267127001e-01,-7.150040175606722781e-02,1.000000000000000000e+00
4.259999999999999898e-01,-1.665386212267608190e+00,-1.478006648960466185e+00,-2.032127862963320819e+00,-2.697154049652271013e+00,-8.711277226168326893e-01,-7.102907125478705175e-02,1.000000000000000000e+00
4.279999999999999916e-01,-1.670145700285753154e+00,-1.477710781404824925e+00,-2.032517723128124842e+00,-2.697361756577844716e+00,-8.758735632885398248e-01,-7.055923890041027047e-02,1.000000000000000000e+00
4.299999999999999933e-01,-1.674666769314148818e+00,-1.477340074850662210e+00,-2.032664047220992476e+00,-2.697868732162136407e+00,-8.803817741416293252e-01,-7.011656934276704056e-02,1.000000000000000000e+00
4.319999999999999951e-01,-1.679206185166827403e+00,-1.476993954563025069e+00,-2.032788529047233173e+00,-2.698370680503262342e+00,-8.849083700017312815e-01,-6.967521047966040992e-02,1.000000000000000000e+00
4.339999999999999969e-01,-1.683482808091031790e+00,-1.476565765831358013e+00,-2.032668710183203054e+00,-2.699179255744565964e+00,-8.891730075529827859e-01,-6.926258039672410216e-02,1.000000000000000000e+00
4.359999999999999987e-01,-1.687775398452248110e+00,-1.476159526323546967e+00,-2.032529462058918490e+00,-2.699983328667090898e+00,-8.934536452810345475e-01,-6.885107428502908189e-02,1.000000000000000000e+00
4.380000000000000004e-01,-1.695780802547514954e+00,-1.475157952089375391e+00,-2.031773466760678382e+00,-2.702218632780595264e+00,-9.014368769017043759e-01,-6.808770338407692246e-02,1.000000000000000000e+00
4.400000000000000022e-01,-1.703223335235535263e+00,-1.474038794370379435e+00,-2.030469513381374380e+00,-2.705071909735415225e+00,-9.088591623316195633e-01,-6.739057008760981904e-02,1.000000000000000000e+00
4.420000000000000040e-01,-1.710034199773592167e+00,-1.472753362193443660e+00,-2.028657260665727158e+00,-2.708555338012974989e+00,-9.156517014233860330e-01,-6.675964066619877180e-02,1.000000000000000000e+00
4.440000000000000058e-01,-1.716175179559609187e+00,-1.471290826824278586e+00,-2.026346430730884052e+00,-2.712670159020457383e+00,-9.217763221277022190e-01,-6.619640355584949232e-02,1.000000000000000000e+00
4.460000000000000075e-01,-1.721612565290621788e+00,-1.469643744148155573e+00,-2.023547483486051402e+00,-2.717413588696299787e+00,-9.271993500670022703e-01,-6.570206381966689491e-02,1.000000000000000000e+00
4.480000000000000093e-01,-1.726317610329328067e+00,-1.467808267723579529e+00,-2.020271380396335914e+00,-2.722778830516385362e+00,-9.318920655342232129e-01,-6.527755104519236684e-02,1.000000000000000000e+00
4.500000000000000111e-01,-1.730266732980159095e+00,-1.465784331626118986e+00,-2.016529384760721744e+00,-2.728755067677706592e+00,-9.358309060651952560e-01,-6.492352947415289122e-02,1.000000000000000000e+00
4.520000000000000129e-01,-1.733441665813671761e+00,-1.463575744156863978e+00,-2.012332920645924617e+00,-2.735327489684276525e+00,-9.389976160204891453e-01,-6.464040685279807963e-02,1.000000000000000000e+00
4.540000000000000147e-01,-1.735829556574483012e+00,-1.461190193673384874e+00,-2.007693491322896318e+00,-2.742477351370031347e+00,-9.413793477120386832e-01,-6.442834194844676565e-02,1.000000000000000000e+00
4.560000000000000164e-01,-1.737423023639192099e+00,-1.458639167482548737e+00,-2.002622657924010952e+00,-2.750182062919047432e+00,-9.429687170375244953e-01,-6.428725061493660575e-02,1.000000000000000000e+00
4.580000000000000182e-01,-1.738220168809726962e+00,-1.455937786357101249e+00,-1.997132077007404805e+00,-2.758415309753759814e+00,-9.437638164061223911e-01,-6.421681034389083165e-02,1.000000000000000000e+00
4.600000000000000200e-01,-1.738224549802233287e+00,-1.453104558754837461e+00,-1.991233593798966917e+00,-2.767147201467882400e+00,-9.437681873153761503e-01,-6.421646328929120351e-02,1.000000000000000000e+00
4.620000000000000218e-01,-1.737445114213978847e+00,-1.450161060250052536e+00,-1.984939386136415518e+00,-2.776344449209906529e+00,-9.429907543626510069e-01,-6.428541779917551491e-02,1.000000000000000000e+00
4.640000000000000235e-01,-1.735896096107375497e+00,-1.447131545046465018e+00,-1.978262152616159897e+00,-2.785970570994422690e+00,-9.414457218327381138e-01,-6.442264854091243886e-02,1.000000000000000000e+00
4.660000000000000253e-01,-1.734746378501710540e+00,-1.445608870456033701e+00,-1.974724418795796410e+00,-2.790970730871361827e+00,-9.402989727114803298e-01,-6.452485856802893383e-02,1.000000000000000000e+00
4.680000000000000271e-01,-1.733597077989921686e+00,-1.444079184959375928e+00,-1.971191047468734414e+00,-2.795973444433825339e+00,-9.391526425890407426e-01,-6.462713377419224137e-02,1.000000000000000000e+00
4.700000000000000289e-01,-1.732084533199254706e+00,-1.442506760425045442e+00,-1.967498211770838168e+00,-2.801159062573318703e+00,-9.376440127703694616e-01,-6.476193239017391523e-02,1.000000000000000000e+00
4.720000000000000306e-01,-1.730572635972397633e+00,-1.440962959039292501e+00,-1.963786045892491172e+00,-2.806335009406357717e+00,-9.361360393449341677e-01,-6.489703463879663292e-02,1.000000000000000000e+00
4.740000000000000324e-01,-1.728711527553803862e+00,-1.439388207261244723e+00,-1.959924510120128582e+00,-2.811672411937383931e+00,-9.342797707767450666e-01,-6.506367727103465337e-02,1.000000000000000000e+00
4.760000000000000342e-01,-1.726851707424492677e+00,-1.437844968434289550e+00,-1.956041453286337495e+00,-2.816999282070535848e+00,-9.324248026932492328e-01,-6.523073924045830196e-02,1.000000000000000000e+00
4.780000000000000360e-01,-1.724658753424139546e+00,-1.436282860726278088e+00,-1.952019898207830728e+00,-2.822465139732591055e+00,-9.302375844388368620e-01,-6.542822731280263648e-02,1.000000000000000000e+00
4.799999999999999822e-01,-1.722467881617831598e+00,-1.434755144844747976e+00,-1.947974608904453397e+00,-2.827919617918015494e+00,-9.280524642720187067e-01,-6.562626182592859458e-02,1.000000000000000000e+00
4.819999999999999840e-01,-1.719961911356232553e+00,-1.433220709353660416e+00,-1.943802598956609451e+00,-2.833489700928708110e+00,-9.255530931018431939e-01,-6.585347383421162604e-02,1.000000000000000000e+00
4.839999999999999858e-01,-1.717458955818336630e+00,-1.431723462638470723e+00,-1.939604675668719080e+00,-2.839047590627835405e+00,-9.230567564917300238e-01,-6.608136777405476670e-02,1.000000000000000000e+00
4.859999999999999876e-01,-1.714660746942148206e+00,-1.430231491822248069e+00,-1.935292791634619425e+00,-2.844696939772725752e+00,-9.202659738761294062e-01,-6.633705726658005453e-02,1.000000000000000000e+00
4.879999999999999893e-01,-1.711866606463920304e+00,-1.428779355477554969e+00,-1.930952903647116692e+00,-2.850333334749965974e+00,-9.174792835894891585e-01,-6.659356937297450374e-02,1.000000000000000000e+00
4.899999999999999911e-01,-1.708798703599412327e+00,-1.427344118173430543e+00,-1.926512865388059659e+00,-2.856036438392012933e+00,-9.144195942970744229e-01,-6.687636307159439131e-02,1.000000000000000000e+00
4.919999999999999929e-01,-1.705736023281887448e+00,-1.425951143534408327e+00,-1.922042872585489892e+00,-2.861725899783884586e+00,-9.113651556326272107e-01,-6.716012193746451198e-02,1.000000000000000000e+00
4.939999999999999947e-01,-1.702422539035937987e+00,-1.424586107939481039e+00,-1.917487647590679911e+00,-2.867456874351425267e+00,-9.080606286859345122e-01,-6.746851819607124767e-02,1.000000000000000000e+00
4.959999999999999964e-01,-1.699115508056834534e+00,-1.423265484180583185e+00,-1.912900704990058154e+00,-2.873173610545504797e+00,-9.047625871942230891e-01,-6.777802066872352926e-02,1.000000000000000000e+00
4.979999999999999982e-01,-1.695581907705805857e+00,-1.421983058171372827e+00,-1.908244598764171185e+00,-2.878906381666193504e+00,-9.012386405291671343e-01,-6.811038848237845056e-02,1.000000000000000000e+00
5.000000000000000000e-01,-1.692056040936378070e+00,-1.420746858915386657e+00,-1.903555241949361099e+00,-2.884624428087187553e+00,-8.977224636004070835e-01,-6.844399868834998013e-02,1.000000000000000000e+00
5.020000000000000018e-01,-1.688328912760059364e+00,-1.419558153779874932e+00,-1.898813966753235105e+00,-2.890332909375421089e+00,-8.940056343931914729e-01,-6.879857747595638506e-02,1.000000000000000000e+00
5.040000000000000036e-01,-1.684610818415341216e+00,-1.418417108540507288e+00,-1.894038174884323578e+00,-2.896026305162661352e+00,-8.902978789031369411e-01,-6.915452669627590587e-02,1.000000000000000000e+00
5.060000000000000053e-01,-1.680717632277658913e+00,-1.417331731658336480e+00,-1.889228893895289030e+00,-2.901684571645863464e+00,-8.864155821729250428e-01,-6.952942708381056047e-02,1.000000000000000000e+00
5.080000000000000071e-01,-1.676834768430327083e+00,-1.416295027459121503e+00,-1.884384127520471797e+00,-2.907327530236629265e+00,-8.825436510236309706e-01,-6.990581470877606229e-02,1.000000000000000000e+00
5.100000000000000089e-01,-1.672803625832960828e+00,-1.415320908754021501e+00,-1.879525472064837333e+00,-2.912909983533745528e+00,-8.785239297436333583e-01,-7.029902053740116896e-02,1.000000000000000000e+00
5.120000000000000107e-01,-1.668784049228937416e+00,-1.414396026508667248e+00,-1.874630683544796117e+00,-2.918477054348088906e+00,-8.745158207437585540e-01,-7.069381632497583057e-02,1.000000000000000000e+00
5.140000000000000124e-01,-1.664643428618140852e+00,-1.413539282632626293e+00,-1.869742741655875617e+00,-2.923958576992369274e+00,-8.703870912472585486e-01,-7.110318809782210925e-02,1.000000000000000000e+00
5.160000000000000142e-01,-1.660515539751489245e+00,-1.412731871970610342e+00,-1.864818356602991667e+00,-2.929424795743304166e+00,-8.662711422955977625e-01,-7.151423594654134075e-02,1.000000000000000000e+00
5.180000000000000160e-01,-1.656294041294314123e+00,-1.411996711192050835e+00,-1.859922631756812050e+00,-2.934780892458739743e+00,-8.620619391987844882e-01,-7.193751590884682467e-02,1.000000000000000000e+00
5.200000000000000178e-01,-1.652086330083720966e+00,-1.411310506401054932e+00,-1.854990500478396198e+00,-2.940121918070320639e+00,-8.578665741188322702e-01,-7.236253933413260009e-02,1.000000000000000000e+00
5.220000000000000195e-01,-1.647812424405849407e+00,-1.410699176096223084e+00,-1.850109839942811751e+00,-2.945328842343451825e+00,-8.536052992575110521e-01,-7.279735835342700245e-02,1.000000000000000000e+00
5.240000000000000213e-01,-1.643553221027258315e+00,-1.410135954768523714e+00,-1.845193158447484993e+00,-2.950521079021203530e+00,-8.493587788422317653e-01,-7.323396782526793436e-02,1.000000000000000000e+00
5.260000000000000231e-01,-1.639255006489567901e+00,-1.409648732298121265e+00,-1.840351651240060837e+00,-2.955555943924106366e+00,-8.450734588033343986e-01,-7.367785420160882781e-02,1.000000000000000000e+00
5.280000000000000249e-01,-1.634972241933037695e+00,-1.409208317153480383e+00,-1.835474851912650029e+00,-2.960576647551359741e+00,-8.408036416416845293e-01,-7.412355646209298210e-02,1.000000000000000000e+00
5.300000000000000266e-01,-1.630677214900696059e+00,-1.408843543788535158e+00,-1.830697696894099780e+00,-2.965417520427135134e+00,-8.365216983458936273e-01,-7.457394675371736836e-02,1.000000000000000000e+00
5.320000000000000284e-01,-1.626398195622945853e+00,-1.408523847044104604e+00,-1.825886309464268553e+00,-2.970244889115496889e+00,-8.322558158046675647e-01,-7.502615618583340085e-02,1.000000000000000000e+00
5.340000000000000302e-01,-1.622133037847533599e+00,-1.408278003527630107e+00,-1.821199654597528639e+00,-2.974870870390788458e+00,-8.280038542616733332e-01,-7.548040808429105908e-02,1.000000000000000000e+00
5.360000000000000320e-01,-1.617884238489401660e+00,-1.408075112135862783e+00,-1.816480138522322596e+00,-2.979484119649288498e+00,-8.237683035924623365e-01,-7.593646015022617601e-02,1.000000000000000000e+00
5.380000000000000338e-01,-1.613674625196012125e+00,-1.407942933467699831e+00,-1.811910892805749240e+00,-2.983875406645459361e+00,-8.195719204201959984e-01,-7.639186738288031298e-02,1.000000000000000000e+00
5.400000000000000355e-01,-1.609481502746536785e+00,-1.407851232581381895e+00,-1.807310442660355232e+00,-2.988254830208575630e+00,-8.153920793720749183e-01,-7.684903409266280461e-02,1.000000000000000000e+00
5.420000000000000373e-01,-1.605351934323484109e+00,-1.407825858723534385e+00,-1.802886062702653502e+00,-2.992392767344262960e+00,-8.112756949752353286e-01,-7.730284327154253454e-02,1.000000000000000000e+00
5.440000000000000391e-01,-1.601238766373677347e+00,-1.407838189900724846e+00,-1.798432388632962509e+00,-2.996519785176499528e+00,-8.071757605534217728e-01,-7.775835058356996010e-02,1.000000000000000000e+00
5.460000000000000409e-01,-1.597212425743922415e+00,-1.407911348342505642e+00,-1.794180642283466742e+00,-3.000386902356402263e+00,-8.031624770363685606e-01,-7.820777986034115059e-02,1.000000000000000000e+00
5.480000000000000426e-01,-1.593202174628307821e+00,-1.408019198293109175e+00,-1.789901728024162475e+00,-3.004244097701205263e+00,-7.991653302003968173e-01,-7.865882685652880735e-02,1.000000000000000000e+00
5.500000000000000444e-01,-1.589300811488679521e+00,-1.408181413803690551e+00,-1.785850437910353472e+00,-3.007824138945758730e+00,-7.952768161947875170e-01,-7.910108618627710586e-02,1.000000000000000000e+00
5.520000000000000462e-01,-1.585415015212297885e+00,-1.408375128914798768e+00,-1.781774279317558607e+00,-3.011395286489979561e+00,-7.914039133877406318e-01,-7.954486580869947476e-02,1.000000000000000000e+00
5.540000000000000480e-01,-1.581658857412007402e+00,-1.408615955351013360e+00,-1.777951049574725051e+00,-3.014673230966265827e+00,-7.876603160591800767e-01,-7.997717857266661845e-02,1.000000000000000000e+00
5.560000000000000497e-01,-1.577917547357378103e+00,-1.408884976812897705e+00,-1.774105377063691424e+00,-3.017943318240931205e+00,-7.839316075548312668e-01,-8.041089965791811678e-02,1.000000000000000000e+00
5.580000000000000515e-01,-1.574325238802978477e+00,-1.409193245540459438e+00,-1.770537306968292368e+00,-3.020905395806671834e+00,-7.803514911671126653e-01,-8.083052534938782452e-02,1.000000000000000000e+00
5.600000000000000533e-01,-1.570746883354977808e+00,-1.409526359625524750e+00,-1.766949295680591447e+00,-3.023860639844865972e+00,-7.767853653640259814e-01,-8.125143565342096696e-02,1.000000000000000000e+00
5.620000000000000551e-01,-1.567335447020808514e+00,-1.409890438944402247e+00,-1.763662684312270024e+00,-3.026494343026960188e+00,-7.733856749703289513e-01,-8.165569329333355331e-02,1.000000000000000000e+00
5.640000000000000568e-01,-1.563936919480165777e+00,-1.410276036858137960e+00,-1.760358656254606524e+00,-3.029122204066286628e+00,-7.699989269936962089e-01,-8.206110316478233691e-02,1.000000000000000000e+00
5.660000000000000586e-01,-1.563936919480165777e+00,-1.410276036858137960e+00,-1.760358656254606524e+00,-3.029122204066286628e+00,-7.699989269936962089e-01,-8.206110316478233691e-02,1.000000000000000000e+00
5.680000000000000604e-01,-1.557499806689562005e+00,-1.411080628970906803e+00,-1.754408075435337500e+00,-3.033713504756456736e+00,-7.635842447297290780e-01,-8.283308112137036106e-02,1.000000000000000000e+00
5.700000000000000622e-01,-1.551501674685278553e+00,-1.411981126596061564e+00,-1.749092907944261421e+00,-3.037597146898638467e+00,-7.576074036580705551e-01,-8.356584205480997729e-02,1.000000000000000000e+00
5.720000000000000639e-01,-1.545946852581470798e+00,-1.412919999338693389e+00,-1.744485306437413952e+00,-3.040765303303565759e+00,-7.520725438547704034e-01,-8.425282139748703492e-02,1.000000000000000000e+00
5.740000000000000657e-01,-1.540856272670217963e+00,-1.413875738600787635e+00,-1.740625418439740058e+00,-3.043203127527644103e+00,-7.470004683494615438e-01,-8.488961556120024066e-02,1.000000000000000000e+00
5.760000000000000675e-01,-1.536248035859574035e+00,-1.414828472620751620e+00,-1.737548852197963178e+00,-3.044898437445875405e+00,-7.424091599155081544e-01,-8.547216232908579070e-02,1.000000000000000000e+00
5.779999999999999583e-01,-1.532137347807271732e+00,-1.415760420563678457e+00,-1.735286191313789139e+00,-3.045841683103208464e+00,-7.383137174600250541e-01,-8.599679130959904383e-02,1.000000000000000000e+00
5.799999999999999600e-01,-1.532137347807271732e+00,-1.415760420563678457e+00,-1.735286191313789139e+00,-3.045841683103208464e+00,-7.383137174600250541e-01,-8.599679130959904383e-02,1.000000000000000000e+00
5.819999999999999618e-01,-1.525429633236776938e+00,-1.417477000203940074e+00,-1.733320214020075856e+00,-3.045453301349530850e+00,-7.316310334177807961e-01,-8.685814407758529754e-02,1.000000000000000000e+00
5.839999999999999636e-01,-1.525429633236776938e+00,-1.417477000203940074e+00,-1.733320214020075856e+00,-3.045453301349530850e+00,-7.316310334177807961e-01,-8.685814407758529754e-02,1.000000000000000000e+00
5.859999999999999654e-01,-1.520865608196113827e+00,-1.419001498168760866e+00,-1.734801923998845030e+00,-3.041999066393612505e+00,-7.270844309973032438e-01,-8.745768464198021286e-02,1.000000000000000000e+00
5.879999999999999671e-01,-1.520865608196113827e+00,-1.419001498168760866e+00,-1.734801923998845030e+00,-3.041999066393612505e+00,-7.270844309973032438e-01,-8.745768464198021286e-02,1.000000000000000000e+00
5.899999999999999689e-01,-1.518432714199908329e+00,-1.420248900592968377e+00,-1.739800946209900889e+00,-3.035510802514665318e+00,-7.246609102685570569e-01,-8.778018239340817930e-02,1.000000000000000000e+00
5.919999999999999707e-01,-1.518432714199908329e+00,-1.420248900592968377e+00,-1.739800946209900889e+00,-3.035510802514665318e+00,-7.246609102685570569e-01,-8.778018239340817930e-02,1.000000000000000000e+00
5.939999999999999725e-01,-1.518123028847284450e+00,-1.421236745809169477e+00,-1.748242137669256957e+00,-3.026050235844872205e+00,-7.243524391548444852e-01,-8.782195135248434259e-02,1.000000000000000000e+00
5.959999999999999742e-01,-1.518752264497626792e+00,-1.421691565472487317e+00,-1.753671126681167758e+00,-3.020228685212742015e+00,-7.249792589528444298e-01,-8.773882188461912257e-02,1.000000000000000000e+00
5.979999999999999760e-01,-1.519894480194053044e+00,-1.422086249065881436e+00,-1.759907849808164837e+00,-3.013709992897114276e+00,-7.261170976656825538e-01,-8.758820881683376802e-02,1.000000000000000000e+00
5.999999999999999778e-01,-1.521539627111394344e+00,-1.422464900744057736e+00,-1.766892642156780102e+00,-3.006508221657434365e+00,-7.277559590908677656e-01,-8.737192270249018178e-02,1.000000000000000000e+00
6.019999999999999796e-01,-1.523675002596946548e+00,-1.422845835162197092e+00,-1.774583821691376739e+00,-2.998644724220141722e+00,-7.298832105238626244e-01,-8.709236842479457785e-02,1.000000000000000000e+00
6.039999999999999813e-01,-1.526285763131276063e+00,-1.423249307011525966e+00,-1.782935085823102339e+00,-2.990143162795875664e+00,-7.324840910133252336e-01,-8.675238542953279952e-02,1.000000000000000000e+00
6.059999999999999831e-01,-1.527821727054623269e+00,-1.423492312145893557e+00,-1.787400750871643851e+00,-2.985581610833288213e+00,-7.340142932842205203e-01,-8.655411861160375309e-02,1.000000000000000000e+00
6.079999999999999849e-01,-1.529357945872736657e+00,-1.423731010932181684e+00,-1.791869956336767489e+00,-2.981020820845348585e+00,-7.355447502216663214e-01,-8.635584509211856330e-02,1.000000000000000000e+00
6.099999999999999867e-01,-1.531110942746096493e+00,-1.423977169619368821e+00,-1.796636941902899576e+00,-2.976174799999622866e+00,-7.372911931211572067e-01,-8.613031143947828816e-02,1.000000000000000000e+00
6.119999999999999885e-01,-1.532867190395686974e+00,-1.424251423260753935e+00,-1.801382600424136893e+00,-2.971321308811386785e+00,-7.390409028412572301e-01,-8.590532793169049219e-02,1.000000000000000000e+00
6.139999999999999902e-01,-1.534828571637059547e+00,-1.424540999863310953e+00,-1.806400237255712193e+00,-2.966198998551086152e+00,-7.409950091132249117e-01,-8.565497984225961536e-02,1.000000000000000000e+00
6.159999999999999920e-01,-1.536794018637376968e+00,-1.424862475081225321e+00,-1.811393891150131275e+00,-2.961067925712631776e+00,-7.429532002942492719e-01,-8.540528838885849683e-02,1.000000000000000000e+00
6.179999999999999938e-01,-1.538951835640747223e+00,-1.425207121468628380e+00,-1.816632484542800796e+00,-2.955685587878800646e+00,-7.451030838010557211e-01,-8.513227444767627883e-02,1.000000000000000000e+00
6.199999999999999956e-01,-1.541114540495602814e+00,-1.425587465527659692e+00,-1.821844499312517351e+00,-2.950293139386213959e+00,-7.472578773962157417e-01,-8.486002300309920809e-02,1.000000000000000000e+00
6.219999999999999973e-01,-1.543455697265492255e+00,-1.425998611852209219e+00,-1.827273422460071961e+00,-2.944668093491586092e+00,-7.495905084896132831e-01,-8.456662534113430774e-02,1.000000000000000000e+00
6.239999999999999991e-01,-1.545802544024460934e+00,-1.426449181925314891e+00,-1.832673279578060033e+00,-2.939031557194871080e+00,-7.519288547962617031e-01,-8.427409264918676868e-02,1.000000000000000000e+00
6.260000000000000009e-01,-1.548312794824705962e+00,-1.426937766173421940e+00,-1.838261272286286996e+00,-2.933182175058028918e+00,-7.544300573281303990e-01,-8.396270502778352407e-02,1.000000000000000000e+00
6.280000000000000027e-01,-1.550829491914705649e+00,-1.427469358445683234e+00,-1.843817865078554163e+00,-2.927319918434171608e+00,-7.569377341849536922e-01,-8.365227883024463351e-02,1.000000000000000000e+00
6.300000000000000044e-01,-1.553493448643693320e+00,-1.428045557379784780e+00,-1.849533328587145586e+00,-2.921265621362996168e+00,-7.595921922356423384e-01,-8.332538441640503779e-02,1.000000000000000000e+00
6.320000000000000062e-01,-1.556164538131610708e+00,-1.428668138507935614e+00,-1.855215253777215967e+00,-2.915197091245706584e+00,-7.622538136435009770e-01,-8.299953940165309685e-02,1.000000000000000000e+00
6.340000000000000080e-01,-1.558965689593095671e+00,-1.429341104812669849e+00,-1.861026538282755105e+00,-2.908958347977146808e+00,-7.650450901457088726e-01,-8.265968853563439300e-02,1.000000000000000000e+00
6.360000000000000098e-01,-1.561774569065504048e+00,-1.430063550780596771e+00,-1.866802379790828414e+00,-2.902704070210658571e+00,-7.678441275072631633e-01,-8.232096433902102994e-02,1.000000000000000000e+00
6.380000000000000115e-01,-1.564695314153152550e+00,-1.430841161576480225e+00,-1.872678061452988985e+00,-2.896302393271182662e+00,-7.707546967924728820e-01,-8.197075259859000484e-02,1.000000000000000000e+00
6.400000000000000133e-01,-1.567624273153976011e+00,-1.431671009217913904e+00,-1.878516663302016498e+00,-2.889883969780471684e+00,-7.736735147201503349e-01,-8.162173215351027633e-02,1.000000000000000000e+00
6.420000000000000151e-01,-1.570645969661924601e+00,-1.432559631286287605e+00,-1.884425807768698613e+00,-2.883341907520060587e+00,-7.766848107082461317e-01,-8.126377900168255120e-02,1.000000000000000000e+00
6.440000000000000169e-01,-1.573676242296126127e+00,-1.433502847913919576e+00,-1.890296533177132643e+00,-2.876782007919310935e+00,-7.797047190167718522e-01,-8.090706752125824408e-02,1.000000000000000000e+00
6.460000000000000187e-01,-1.576779272678364929e+00,-1.434507125075959344e+00,-1.896208942882430248e+00,-2.870123129186209265e+00,-7.827972003793095546e-01,-8.054399580083031196e-02,1.000000000000000000e+00
6.480000000000000204e-01,-1.579891107575911224e+00,-1.435567901729348561e+00,-1.902081916817628615e+00,-2.863445473813852615e+00,-7.858985234644596529e-01,-8.018220064519701595e-02,1.000000000000000000e+00
6.500000000000000222e-01,-1.583054962514638175e+00,-1.436690569806097217e+00,-1.907968359493234178e+00,-2.856694342106465445e+00,-7.890517566285289996e-01,-7.981661715431799531e-02,1.000000000000000000e+00
6.520000000000000240e-01,-1.586227710866316309e+00,-1.437871143574655397e+00,-1.913814692127432604e+00,-2.849923673305398086e+00,-7.922139209502047086e-01,-7.945232880824147637e-02,1.000000000000000000e+00
6.540000000000000258e-01,-1.589431090988790984e+00,-1.439112878190397460e+00,-1.919647108134157953e+00,-2.843105807283942799e+00,-7.954066812882291115e-01,-7.908680615742982867e-02,1.000000000000000000e+00
6.560000000000000275e-01,-1.592643312831406144e+00,-1.440413388849379306e+00,-1.925439096799676175e+00,-2.836267845858608805e+00,-7.986083211408797622e-01,-7.872258050816559327e-02,1.000000000000000000e+00
6.580000000000000293e-01,-1.595864248357090842e+00,-1.441772690996958817e+00,-1.931190783047745718e+00,-2.829409663334964797e+00,-8.018187121328431699e-01,-7.835964042145222852e-02,1.000000000000000000e+00
6.600000000000000311e-01,-1.599093836722151885e+00,-1.443191076785521387e+00,-1.936902090447551128e+00,-2.822531047421817707e+00,-8.050377933217309767e-01,-7.799798248840350556e-02,1.000000000000000000e+00
6.620000000000000329e-01,-1.602309824251317849e+00,-1.444664200526461384e+00,-1.942547858852025300e+00,-2.815659790373000959e+00,-8.082433829045369000e-01,-7.764008067080939435e-02,1.000000000000000000e+00
6.640000000000000346e-01,-1.605534146223970060e+00,-1.446196137278169536e+00,-1.948153665466965778e+00,-2.808767994454109296e+00,-8.114573433777948486e-01,-7.728342989780062622e-02,1.000000000000000000e+00
6.660000000000000364e-01,-1.608722301322231596e+00,-1.447777063190712532e+00,-1.953669974099837114e+00,-2.801911633211319419e+00,-8.146353161385273545e-01,-7.693294254939880839e-02,1.000000000000000000e+00
6.680000000000000382e-01,-1.611918354512983154e+00,-1.449415950191734526e+00,-1.959147102965974163e+00,-2.795034865666037760e+00,-8.178212220795362253e-01,-7.658365972855625536e-02,1.000000000000000000e+00
6.700000000000000400e-01,-1.615055578230663480e+00,-1.451096407208710470e+00,-1.964512158339736914e+00,-2.788221981192084531e+00,-8.209485454326032050e-01,-7.624287174325845851e-02,1.000000000000000000e+00
6.720000000000000417e-01,-1.618200160668073151e+00,-1.452833402115752959e+00,-1.969839170668118644e+00,-2.781389059588458057e+00,-8.240832608216225319e-01,-7.590322759792295093e-02,1.000000000000000000e+00
6.740000000000000435e-01,-1.621263317684245919e+00,-1.454602939230335235e+00,-1.975032999934608791e+00,-2.774648703633003421e+00,-8.271368628595178185e-01,-7.557432244423395451e-02,1.000000000000000000e+00
6.760000000000000453e-01,-1.624333208716319588e+00,-1.456427043154471024e+00,-1.980190260427122650e+00,-2.767888907865822201e+00,-8.301972300919275849e-01,-7.524648785836306197e-02,1.000000000000000000e+00
6.780000000000000471e-01,-1.627299314436498223e+00,-1.458273151151016966e+00,-1.985194752712276411e+00,-2.761250441730386473e+00,-8.331541864373614992e-01,-7.493153910094488279e-02,1.000000000000000000e+00
6.800000000000000488e-01,-1.630271463901674656e+00,-1.460171343646859299e+00,-1.990164463900508274e+00,-2.754593346063050063e+00,-8.361172152579281480e-01,-7.461757694533374674e-02,1.000000000000000000e+00
6.820000000000000506e-01,-1.633117877581312438e+00,-1.462079625587706655e+00,-1.994963380525468510e+00,-2.748086259657628982e+00,-8.389549419872585068e-01,-7.431854133147179631e-02,1.000000000000000000e+00
6.840000000000000524e-01,-1.635969600290083426e+00,-1.464037047836598493e+00,-1.999729586026496309e+00,-2.741561545659926935e+00,-8.417980037790339098e-01,-7.402039980391007801e-02,1.000000000000000000e+00
6.860000000000000542e-01,-1.638674221112162543e+00,-1.465991435567766565e+00,-2.004308539984685389e+00,-2.735215259428343426e+00,-8.444944533421732125e-01,-7.373911180883103988e-02,1.000000000000000000e+00
6.880000000000000560e-01,-1.641383393573435878e+00,-1.467991618576179436e+00,-2.008857097221641297e+00,-2.728852512659841523e+00,-8.471954777008893211e-01,-7.345861917690126031e-02,1.000000000000000000e+00
6.900000000000000577e-01,-1.643924856578680593e+00,-1.469974631077511695e+00,-2.013203502977416015e+00,-2.722696165730812190e+00,-8.497293347323990886e-01,-7.319678687705519216e-02,1.000000000000000000e+00
6.920000000000000595e-01,-1.646470112909545813e+00,-1.471999764301146651e+00,-2.017522026637058818e+00,-2.716524659741518910e+00,-8.522670052610917812e-01,-7.293564748925378260e-02,1.000000000000000000e+00
6.940000000000000613e-01,-1.648827981755545791e+00,-1.473992802373239597e+00,-2.021625022062939259e+00,-2.710586888273765815e+00,-8.546178792543829283e-01,-7.269484961358059494e-02,1.000000000000000000e+00
6.960000000000000631e-01,-1.651188905819802155e+00,-1.476024036895809965e+00,-2.025702800333137876e+00,-2.704635360031337754e+00,-8.569718256191917183e-01,-7.245464102716596411e-02,1.000000000000000000e+00
6.980000000000000648e-01,-1.653343859517238057e+00,-1.478007707516604707e+00,-2.029553143379886126e+00,-2.698944070123427963e+00,-8.591204376072654192e-01,-7.223632502316729154e-02,1.000000000000000000e+00
7.000000000000000666e-01,-1.655501170531619159e+00,-1.480025486825757630e+00,-2.033381029794581796e+00,-2.693240491295473937e+00,-8.612714210885926702e-01,-7.201849608565914773e-02,1.000000000000000000e+00
7.020000000000000684e-01,-1.657435181552725512e+00,-1.481979949582100664e+00,-2.036970973256476025e+00,-2.687822631001434814e+00,-8.631997817214930313e-01,-7.182397702969167685e-02,1.000000000000000000e+00
7.039999999999999591e-01,-1.659370910659853093e+00,-1.483964360145872075e+00,-2.040541257737576775e+00,-2.682393979607004653e+00,-8.651298717546423989e-01,-7.162984674509213778e-02,1.000000000000000000e+00
7.059999999999999609e-01,-1.661067412113686137e+00,-1.485869687492215041e+00,-2.043864406194819239e+00,-2.677275314534209638e+00,-8.668214484631734384e-01,-7.146030692435431653e-02,1.000000000000000000e+00
7.079999999999999627e-01,-1.662765067724219614e+00,-1.487800820782825495e+00,-2.047170669579893687e+00,-2.672147351335463661e+00,-8.685141879660015496e-01,-7.129106393455753032e-02,1.000000000000000000e+00
7.099999999999999645e-01,-1.665652456809264104e+00,-1.491459920791959881e+00,-2.053282172439043762e+00,-2.662562156355371634e+00,-8.713932347437944870e-01,-7.100386818483404860e-02,1.000000000000000000e+00
7.119999999999999662e-01,-1.668010241683634209e+00,-1.494981242931216148e+00,-2.058816689792198229e+00,-2.653655919639580585e+00,-8.737442551282215142e-01,-7.077098765637374056e-02,1.000000000000000000e+00
7.139999999999999680e-01,-1.669813523749535289e+00,-1.498287018862609177e+00,-2.063794756196260849e+00,-2.645485804072316594e+00,-8.755423817884409043e-01,-7.059350423035747057e-02,1.000000000000000000e+00
7.159999999999999698e-01,-1.671043879016153921e+00,-1.501344105720744615e+00,-2.068211115792558896e+00,-2.638089602242953635e+00,-8.767692288266817346e-01,-7.047272709455049133e-02,1.000000000000000000e+00
7.179999999999999716e-01,-1.671686905557375757e+00,-1.504122678248479117e+00,-2.072061431222417927e+00,-2.631500960238752018e+00,-8.774104251390629772e-01,-7.040971796273032268e-02,1.000000000000000000e+00
7.199999999999999734e-01,-1.671732497953667407e+00,-1.506596775397776478e+00,-2.075342111183549054e+00,-2.625749041062873435e+00,-8.774558876522239315e-01,-7.040524646559846722e-02,1.000000000000000000e+00
7.219999999999999751e-01,-1.671732497953667407e+00,-1.506596775397776478e+00,-2.075342111183549054e+00,-2.625749041062873435e+00,-8.774558876522239315e-01,-7.040524646559846722e-02,1.000000000000000000e+00
7.239999999999999769e-01,-1.670011432063136736e+00,-1.510520538788388212e+00,-2.080202705231837701e+00,-2.616856776407052276e+00,-8.757397253220442490e-01,-7.057406182370663805e-02,1.000000000000000000e+00
7.259999999999999787e-01,-1.670011432063136736e+00,-1.510520538788388212e+00,-2.080202705231837701e+00,-2.616856776407052276e+00,-8.757397253220442490e-01,-7.057406182370663805e-02,1.000000000000000000e+00
7.279999999999999805e-01,-1.665886581441425873e+00,-1.513069394231190357e+00,-2.082726795227221928e+00,-2.611523760870812172e+00,-8.716266652585626939e-01,-7.097997552159382439e-02,1.000000000000000000e+00
7.299999999999999822e-01,-1.665886581441425873e+00,-1.513069394231190357e+00,-2.082726795227221928e+00,-2.611523760870812172e+00,-8.716266652585626939e-01,-7.097997552159382439e-02,1.000000000000000000e+00
7.319999999999999840e-01,-1.659438023897289671e+00,-1.514153903962302428e+00,-2.082931766163511167e+00,-2.609821763057335264e+00,-8.651966970820890168e-01,-7.161995359177009135e-02,1.000000000000000000e+00
7.339999999999999858e-01,-1.659438023897289671e+00,-1.514153903962302428e+00,-2.082931766163511167e+00,-2.609821763057335264e+00,-8.651966970820890168e-01,-7.161995359177009135e-02,1.000000000000000000e+00
7.359999999999999876e-01,-1.650813918283495996e+00,-1.513820721258943625e+00,-2.080803356476888855e+00,-2.611719662528306785e+00,-8.565977701738494154e-01,-7.248678239631838049e-02,1.000000000000000000e+00
7.379999999999999893e-01,-1.645782145413987374e+00,-1.513206442544165808e+00,-2.078819483136519430e+00,-2.613975954912630684e+00,-8.515810338428652093e-01,-7.300441420877695764e-02,1.000000000000000000e+00
7.399999999999999911e-01,-1.640265583205786859e+00,-1.512256311522060193e+00,-2.076281134024717812e+00,-2.617089482425712266e+00,-8.460809631513838136e-01,-7.357209966684540026e-02,1.000000000000000000e+00
7.419999999999999929e-01,-1.634324953886870935e+00,-1.511030823155833813e+00,-2.073158125331578727e+00,-2.621027429522285068e+00,-8.401582730439950408e-01,-7.418964694316965147e-02,1.000000000000000000e+00
7.439999999999999947e-01,-1.627998514080770454e+00,-1.509557689247728263e+00,-2.069454178473929318e+00,-2.625759419272382988e+00,-8.338511490844969787e-01,-7.485457322378466505e-02,1.000000000000000000e+00
7.459999999999999964e-01,-1.627998514080770454e+00,-1.509557689247728263e+00,-2.069454178473929318e+00,-2.625759419272382988e+00,-8.338511490844969787e-01,-7.485457322378466505e-02,1.000000000000000000e+00
7.479999999999999982e-01,-1.621326958998599910e+00,-1.507866879917089564e+00,-2.065174969716640607e+00,-2.631251070762659072e+00,-8.272002058054360729e-01,-7.556409859468363188e-02,1.000000000000000000e+00
7.500000000000000000e-01,-1.617851035709016339e+00,-1.506951139594103095e+00,-2.062734127558067065e+00,-2.634351049119849630e+00,-8.237352211352693132e-01,-7.594061227679223258e-02,1.000000000000000000e+00
7.520000000000000018e-01,-1.614371424991429826e+00,-1.506029581243075066e+00,-2.060298308784456633e+00,-2.637452333887107869e+00,-8.202665397991349971e-01,-7.631680770099702471e-02,1.000000000000000000e+00
7.540000000000000036e-01,-1.610749768959365058e+00,-1.505001007659953149e+00,-2.057606919278458513e+00,-2.640903082403703639e+00,-8.166563309074100774e-01,-7.671083791538366170e-02,1.000000000000000000e+00
7.560000000000000053e-01,-1.607141768651713098e+00,-1.504004426215130641e+00,-2.054891600693102838e+00,-2.644343804237683671e+00,-8.130598153627436320e-01,-7.710615905093093359e-02,1.000000000000000000e+00
7.580000000000000071e-01,-1.603413790130768790e+00,-1.502913414416352733e+00,-2.051929998156913904e+00,-2.648113293717321071e+00,-8.093437830975187541e-01,-7.751736064627967604e-02,1.000000000000000000e+00
7.600000000000000089e-01,-1.599700437698807987e+00,-1.501857961367735417e+00,-2.048942143741922184e+00,-2.651871369843290083e+00,-8.056424175559988576e-01,-7.792995636156391237e-02,1.000000000000000000e+00
7.620000000000000107e-01,-1.595889670977057362e+00,-1.500720575755069008e+00,-2.045718712662005778e+00,-2.655936299199492812e+00,-8.018440386470593317e-01,-7.835634687512714469e-02,1.000000000000000000e+00
7.640000000000000124e-01,-1.592094372169074790e+00,-1.499622100679776082e+00,-2.042466891500717363e+00,-2.659988477893036496e+00,-7.980611709568735668e-01,-7.878422294242398705e-02,1.000000000000000000e+00
7.660000000000000142e-01,-1.588224631312251223e+00,-1.498453859531199583e+00,-2.038991708687457383e+00,-2.664324542685736930e+00,-7.942041977826432841e-01,-7.922367790136439214e-02,1.000000000000000000e+00
7.680000000000000160e-01,-1.584371047018367396e+00,-1.497327588025876066e+00,-2.035486226836719315e+00,-2.668646605062976462e+00,-7.903634267420980297e-01,-7.966469594007401234e-02,1.000000000000000000e+00
7.700000000000000178e-01,-1.580466220194927773e+00,-1.496143155568554928e+00,-2.031771144674935137e+00,-2.673228724419790758e+00,-7.864716818010094590e-01,-8.011495394082447652e-02,1.000000000000000000e+00
7.720000000000000195e-01,-1.576578064054963368e+00,-1.495003390789195308e+00,-2.028024120642820449e+00,-2.677795709125152968e+00,-7.825966549223037916e-01,-8.056683682446308392e-02,1.000000000000000000e+00
7.740000000000000213e-01,-1.572661915978634806e+00,-1.493816300130833552e+00,-2.024082820339346167e+00,-2.682598249509354993e+00,-7.786938334709327947e-01,-8.102550630441281154e-02,1.000000000000000000e+00
7.760000000000000231e-01,-1.568762760639954790e+00,-1.492676156507803054e+00,-2.020108230455428977e+00,-2.687384673019977743e+00,-7.748080534434951261e-01,-8.148584527393754051e-02,1.000000000000000000e+00
7.780000000000000249e-01,-1.564858746345317853e+00,-1.491498569537762275e+00,-2.015956243584549057e+00,-2.692381664277272435e+00,-7.709175375190649993e-01,-8.195041304892490552e-02,1.000000000000000000e+00
7.800000000000000266e-01,-1.560971841832053508e+00,-1.490369744883876191e+00,-2.011769935406748644e+00,-2.697361732272916868e+00,-7.670441808367259862e-01,-8.241667663020113554e-02,1.000000000000000000e+00
7.820000000000000284e-01,-1.557102935010356903e+00,-1.489212254459810314e+00,-2.007424632557267774e+00,-2.702527071688921367e+00,-7.631888678933089754e-01,-8.288451827014772788e-02,1.000000000000000000e+00
7.840000000000000302e-01,-1.553251042290279438e+00,-1.488104845312107294e+00,-2.003044305387198687e+00,-2.707674877442800554e+00,-7.593506187334405633e-01,-8.335406305820770856e-02,1.000000000000000000e+00
7.860000000000000320e-01,-1.549439580949035999e+00,-1.486976323551749690e+00,-1.998524851624019272e+00,-2.712982518191298098e+00,-7.555527676564560702e-01,-8.382245513541715376e-02,1.000000000000000000e+00
7.880000000000000338e-01,-1.545644823285789782e+00,-1.485898687063879287e+00,-1.993970004077242120e+00,-2.718272224648623947e+00,-7.517716695995292353e-01,-8.429253846952515505e-02,1.000000000000000000e+00
7.900000000000000355e-01,-1.541912374925033857e+00,-1.484806181973466366e+00,-1.989297281762379299e+00,-2.723696345831377652e+00,-7.480527662912913600e-01,-8.475867267371661740e-02,1.000000000000000000e+00
7.920000000000000373e-01,-1.538196109008460599e+00,-1.483764846092241463e+00,-1.984589127128711272e+00,-2.729102348901861763e+00,-7.443500938731407723e-01,-8.522646718642319652e-02,1.000000000000000000e+00
7.940000000000000391e-01,-1.534563356858793526e+00,-1.482713527171952705e+00,-1.979785627374427204e+00,-2.734617505309850038e+00,-7.407307379532404035e-01,-8.568746625887241342e-02,1.000000000000000000e+00
7.960000000000000409e-01,-1.530946065046284277e+00,-1.481713149275933672e+00,-1.974946978183290680e+00,-2.740114576841417016e+00,-7.371268893813203160e-01,-8.615007624060261326e-02,1.000000000000000000e+00
7.980000000000000426e-01,-1.527432716223354525e+00,-1.480706301232844746e+00,-1.970036662817011397e+00,-2.745695827534652800e+00,-7.336267028539436019e-01,-8.660301163822059500e-02,1.000000000000000000e+00
8.000000000000000444e-01,-1.523933920535163189e+00,-1.479749673961959111e+00,-1.965091786581675937e+00,-2.751259237388752776e+00,-7.301411145276596182e-01,-8.705749111788105288e-02,1.000000000000000000e+00
8.020000000000000462e-01,-1.520558636267433261e+00,-1.478788736304174067e+00,-1.960099922983048915e+00,-2.756882253128894344e+00,-7.267786725689793226e-01,-8.749940227802575909e-02,1.000000000000000000e+00
8.040000000000000480e-01,-1.517196834093430979e+00,-1.477876838032172069e+00,-1.955074371533872757e+00,-2.762487870677836188e+00,-7.234297553575831374e-01,-8.794277468091218908e-02,1.000000000000000000e+00
8.060000000000000497e-01,-1.513977181508855185e+00,-1.476961487168001241e+00,-1.950027343063444274e+00,-2.768129021093963971e+00,-7.202225387040405158e-01,-8.837068972038543413e-02,1.000000000000000000e+00
8.080000000000000515e-01,-1.510769802335252932e+00,-1.476093573509717816e+00,-1.944947758201759580e+00,-2.773753397252231245e+00,-7.170276352855626811e-01,-8.879996892845073986e-02,1.000000000000000000e+00
8.100000000000000533e-01,-1.507722226677173039e+00,-1.475221843066142569e+00,-1.939872853191333846e+00,-2.779389819327849676e+00,-7.139920030875559487e-01,-8.921092657648514723e-02,1.000000000000000000e+00
8.120000000000000551e-01,-1.504685608556400656e+00,-1.474395574993936586e+00,-1.934766751617637448e+00,-2.785010250871071680e+00,-7.109673650659626976e-01,-8.962313918367245669e-02,1.000000000000000000e+00
8.140000000000000568e-01,-1.501825424163027112e+00,-1.473564009411325149e+00,-1.929691934053354929e+00,-2.790619900877407300e+00,-7.081185465346565566e-01,-9.001421171948642552e-02,1.000000000000000000e+00
8.160000000000000586e-01,-1.498974808148612503e+00,-1.472775612984389637e+00,-1.924587474666092923e+00,-2.796214479268884112e+00,-7.052793295502498561e-01,-9.040642024699777068e-02,1.000000000000000000e+00
8.180000000000000604e-01,-1.496316206089853829e+00,-1.471979449032191356e+00,-1.919541139788936368e+00,-2.801776170620422945e+00,-7.026314322838962401e-01,-9.077473718817904991e-02,1.000000000000000000e+00
8.200000000000000622e-01,-1.493665746453900711e+00,-1.471223901405346091e+00,-1.914466876535754425e+00,-2.807323817846445468e+00,-6.999917069270549241e-01,-9.114406400162013144e-02,1.000000000000000000e+00
8.220000000000000639e-01,-1.491221816382372944e+00,-1.470457272073308230e+00,-1.909477594633560926e+00,-2.812817247519252994e+00,-6.975577394657143104e-01,-9.148683627042496214e-02,1.000000000000000000e+00
8.240000000000000657e-01,-1.488784604131744960e+00,-1.469728508321537452e+00,-1.904462218147429775e+00,-2.818297741535800149e+00,-6.951305155020454096e-01,-9.183048792290512963e-02,1.000000000000000000e+00
8.260000000000000675e-01,-1.486567367672782858e+00,-1.468984663538868585e+00,-1.899558469838553698e+00,-2.823703507680776159e+00,-6.929224214271660909e-01,-9.214503220353435775e-02,1.000000000000000000e+00
8.280000000000000693e-01,-1.484355464680254366e+00,-1.468275798874178584e+00,-1.894630541126105516e+00,-2.829097500012608624e+00,-6.907196826419020885e-01,-9.246032391595361555e-02,1.000000000000000000e+00
8.300000000000000711e-01,-1.482375917553584443e+00,-1.467547337654757200e+00,-1.889840447454947725e+00,-2.834397113238045218e+00,-6.887483834047687381e-01,-9.274408690682618694e-02,1.000000000000000000e+00
8.320000000000000728e-01,-1.480400398515323790e+00,-1.466850899782635498e+00,-1.885028126938624204e+00,-2.839686141072632175e+00,-6.867811302691049224e-01,-9.302846688855395674e-02,1.000000000000000000e+00
8.339999999999999636e-01,-1.478668558538916322e+00,-1.466130008646173710e+00,-1.880379177629298626e+00,-2.844862031593663243e+00,-6.850565738898956036e-01,-9.327904914925076729e-02,1.000000000000000000e+00
8.359999999999999654e-01,-1.476939557948914183e+00,-1.465438175269925702e+00,-1.875709952887820720e+00,-2.850028526408463048e+00,-6.833348712310856055e-01,-9.353012245887891429e-02,1.000000000000000000e+00
8.379999999999999671e-01,-1.475464516110500890e+00,-1.464716868107832193e+00,-1.871228736139793902e+00,-2.855064048899811802e+00,-6.818660840452205329e-01,-9.374530155140038679e-02,1.000000000000000000e+00
8.399999999999999689e-01,-1.473991277492627594e+00,-1.464021704903806897e+00,-1.866729151746061133e+00,-2.860091343286511822e+00,-6.803991109523378489e-01,-9.396085319787618462e-02,1.000000000000000000e+00
8.419999999999999707e-01,-1.472781249371867274e+00,-1.463292059810561208e+00,-1.862441089004117645e+00,-2.864970780864493083e+00,-6.791942496784090233e-01,-9.413860582575295233e-02,1.000000000000000000e+00
8.439999999999999725e-01,-1.471572174116929865e+00,-1.462585754535461691e+00,-1.858136481922476158e+00,-2.869843114802543393e+00,-6.779903489824700147e-01,-9.431662281458140507e-02,1.000000000000000000e+00
8.459999999999999742e-01,-1.470634549086772269e+00,-1.461840143485430010e+00,-1.854065571105681043e+00,-2.874551683136861158e+00,-6.770567505318132451e-01,-9.445514567080948165e-02,1.000000000000000000e+00
8.479999999999999760e-01,-1.469697242391369230e+00,-1.461115232215728810e+00,-1.849979815172540398e+00,-2.879254210553588766e+00,-6.761234753486214943e-01,-9.459383770781762402e-02,1.000000000000000000e+00
8.499999999999999778e-01,-1.468379656317776893e+00,-1.459566875410147180e+00,-1.842324815047801323e+00,-2.888305153356815147e+00,-6.748115677337753748e-01,-9.478918747085278429e-02,1.000000000000000000e+00
8.519999999999999796e-01,-1.467632335696439583e+00,-1.457990091786935283e+00,-1.835167598004095568e+00,-2.896952096486284933e+00,-6.740674851081154273e-01,-9.490057937470441907e-02,1.000000000000000000e+00
8.539999999999999813e-01,-1.467464854071860891e+00,-1.456341041576559414e+00,-1.828568360685329575e+00,-2.905180792810264201e+00,-6.739007314464818821e-01,-9.492562184231967404e-02,1.000000000000000000e+00
8.559999999999999831e-01,-1.467886337136349306e+00,-1.454611192351884075e+00,-1.822558871949448989e+00,-2.912969191919007717e+00,-6.743203893960691975e-01,-9.486283509801660130e-02,1.000000000000000000e+00
8.579999999999999849e-01,-1.468904596135410578e+00,-1.452794435451872257e+00,-1.817166043203527703e+00,-2.920297100617660568e+00,-6.753342448649092278e-01,-9.471134641298593893e-02,1.000000000000000000e+00
8.599999999999999867e-01,-1.470526057593403380e+00,-1.450887367448525644e+00,-1.812411561862207865e+00,-2.927146301073358714e+00,-6.769487158303958418e-01,-9.447086005387433927e-02,1.000000000000000000e+00
8.619999999999999885e-01,-1.472755716358649991e+00,-1.448889450326354300e+00,-1.808311723444174124e+00,-2.933500496194216822e+00,-6.791688071962685980e-01,-9.414171916150790298e-02,1.000000000000000000e+00
