0.000000000000000000e+00,-1.725020896357622568e+00,-1.403729545247053734e+00,-1.839347687833059242e+00,-2.967878720571220708e+00,-9.305943839891624991e-01,-6.524446609406631126e-02,0.000000000000000000e+00
2.000000000000000042e-03,-1.721066953539786004e+00,-1.404724598003382674e+00,-1.835506164560394504e+00,-2.970343752456636732e+00,-9.266551442811403749e-01,-6.575167679932651665e-02,0.000000000000000000e+00
4.000000000000000083e-03,-1.716376436903094049e+00,-1.404233911208710328e+00,-1.832831382169083145e+00,-2.973251981158043566e+00,-9.219770762937085085e-01,-6.617911599246700804e-02,0.000000000000000000e+00
6.000000000000000125e-03,-1.711694928069731114e+00,-1.403776278773022357e+00,-1.830131097830624443e+00,-2.976149723953007253e+00,-9.173080350839352137e-01,-6.660837970550322062e-02,0.000000000000000000e+00
8.000000000000000167e-03,-1.707028388822296350e+00,-1.403351451031084274e+00,-1.827405069521808478e+00,-2.979037780570286120e+00,-9.126540128617950387e-01,-6.703934020259212645e-02,0.000000000000000000e+00
1.000000000000000021e-02,-1.702377005879941896e+00,-1.402959355942912545e+00,-1.824653367215303801e+00,-2.981916152793266495e+00,-9.080151963767595369e-01,-6.747199842130183201e-02,0.000000000000000000e+00
1.200000000000000025e-02,-1.697740983723110553e+00,-1.402599947672302116e+00,-1.821876035477290046e+00,-2.984784838812152064e+00,-9.033917901853329990e-01,-6.790635691490599923e-02,0.000000000000000000e+00
1.400000000000000029e-02,-1.693120523477928518e+00,-1.402273177269132587e+00,-1.819073118127940925e+00,-2.987643840917444837e+00,-8.987839954864537129e-01,-6.834241809873228823e-02,0.000000000000000000e+00
1.600000000000000033e-02,-1.688515822748406725e+00,-1.401978992741620633e+00,-1.816244658181660698e+00,-2.990493165481088678e+00,-8.941920099529488963e-01,-6.878018424928362962e-02,0.000000000000000000e+00
1.800000000000000211e-02,-1.683927075566155285e+00,-1.401717339110340577e+00,-1.813390697820009390e+00,-2.993332822929919868e+00,-8.896160276812387080e-01,-6.921965750387111538e-02,0.000000000000000000e+00
2.000000000000000042e-02,-1.679354472341838322e+00,-1.401488158462772970e+00,-1.810511278365212418e+00,-2.996162827717951949e+00,-8.850562391427826414e-01,-6.966083986028701047e-02,0.000000000000000000e+00
2.199999999999999872e-02,-1.674798199818951394e+00,-1.401291390009063997e+00,-1.807606440253665570e+00,-2.998983198297337616e+00,-8.805128311378480621e-01,-7.010373317654601533e-02,0.000000000000000000e+00
2.400000000000000050e-02,-1.670258441029944141e+00,-1.401126970138951933e+00,-1.804676223009429314e+00,-3.001793957088056075e+00,-8.759859867516289755e-01,-7.054833917069533444e-02,0.000000000000000000e+00
2.600000000000000228e-02,-1.665735375254719708e+00,-1.400994832479836472e+00,-1.801720665217705353e+00,-3.004595130446363616e+00,-8.714758853127411165e-01,-7.099465942069257962e-02,0.000000000000000000e+00
2.800000000000000058e-02,-1.661229177981508487e+00,-1.400894907955917423e+00,-1.798739804498312500e+00,-3.007386748632058460e+00,-8.669827023540944699e-01,-7.144269536435447765e-02,0.000000000000000000e+00
2.999999999999999889e-02,-1.656740020870178798e+00,-1.400827124848415206e+00,-1.795733677479113499e+00,-3.010168845774595869e+00,-8.625066095762050633e-01,-7.189244829937098402e-02,0.000000000000000000e+00
3.200000000000000067e-02,-1.652268071717947429e+00,-1.400791408856783438e+00,-1.792702319769433839e+00,-3.012941459838110791e+00,-8.580477748129068383e-01,-7.234391938339035377e-02,0.000000000000000000e+00
3.400000000000000244e-02,-1.647813494427543102e+00,-1.400787683160906516e+00,-1.789645765933437715e+00,-3.015704632585376466e+00,-8.536063619995216678e-01,-7.279710963417063141e-02,0.000000000000000000e+00
3.600000000000000422e-02,-1.643376448977806437e+00,-1.400815868484230231e+00,-1.786564049463455595e+00,-3.018458409540773157e+00,-8.491825311434633150e-01,-7.325201992979961385e-02,0.000000000000000000e+00
3.799999999999999906e-02,-1.638957091396743726e+00,-1.400875883157775004e+00,-1.783457202753283344e+00,-3.021202839952284336e+00,-8.447764382973018682e-01,-7.370865100898170430e-02,0.000000000000000000e+00
4.000000000000000083e-02,-1.634555573737038525e+00,-1.400967643185019318e+00,-1.780325257071401435e+00,-3.023937976752595347e+00,-8.403882355342845445e-01,-7.416700347139121297e-02,0.000000000000000000e+00
4.200000000000000261e-02,-1.630172044054009728e+00,-1.401091062307574964e+00,-1.777168242534145515e+00,-3.026663876519336327e+00,-8.360180709263057564e-01,-7.462707777809253484e-02,0.000000000000000000e+00
4.399999999999999745e-02,-1.625806646386025456e+00,-1.401246052071651205e+00,-1.773986188078804371e+00,-3.029380599434501331e+00,-8.316660885243359891e-01,-7.508887425202506738e-02,0.000000000000000000e+00
4.599999999999999922e-02,-1.621459520737355220e+00,-1.401432521895226380e+00,-1.770779121436641290e+00,-3.032088209243128940e+00,-8.273324283412900604e-01,-7.555239307855368680e-02,0.000000000000000000e+00
4.800000000000000100e-02,-1.617130803063469680e+00,-1.401650379135927160e+00,-1.767547069105810165e+00,-3.034786773211273658e+00,-8.230172263373438657e-01,-7.601763430608204919e-02,0.000000000000000000e+00
5.000000000000000278e-02,-1.612820625258749363e+00,-1.401899529159547964e+00,-1.764290056324193445e+00,-3.037476362083312509e+00,-8.187206144076636383e-01,-7.648459784673006245e-02,0.000000000000000000e+00
5.200000000000000455e-02,-1.608529115146611455e+00,-1.402179875409170995e+00,-1.761008107042124626e+00,-3.040157050038660103e+00,-8.144427203725539410e-01,-7.695328347707322547e-02,0.000000000000000000e+00
5.399999999999999939e-02,-1.604256396472025781e+00,-1.402491319474856502e+00,-1.757701243894984611e+00,-3.042828914647940586e+00,-8.101836679699973010e-01,-7.742369083894282134e-02,0.000000000000000000e+00
5.600000000000000117e-02,-1.600002588896400013e+00,-1.402833761163860382e+00,-1.754369488175687497e+00,-3.045492036828648885e+00,-8.059435768505633924e-01,-7.789581944028703409e-02,0.000000000000000000e+00
5.800000000000000294e-02,-1.595767807994824317e+00,-1.403207098571334521e+00,-1.751012859807001165e+00,-3.048146500800385628e+00,-8.017225625746823292e-01,-7.836966865608953337e-02,0.000000000000000000e+00
5.999999999999999778e-02,-1.591552165255623708e+00,-1.403611228151472989e+00,-1.747631377313739742e+00,-3.050792394039690159e+00,-7.975207366122233354e-01,-7.884523772934805275e-02,0.000000000000000000e+00
6.199999999999999956e-02,-1.587355768082220786e+00,-1.404046044789063030e+00,-1.744225057794777767e+00,-3.053429807234548488e+00,-7.933382063443895627e-01,-7.932252577210788247e-02,0.000000000000000000e+00
6.400000000000000133e-02,-1.583178719797259770e+00,-1.404511441871405752e+00,-1.740793916894892934e+00,-3.056058834238612576e+00,-7.891750750678716564e-01,-7.980153176655159497e-02,0.000000000000000000e+00
6.600000000000000311e-02,-1.579021119648964522e+00,-1.405007311360568112e+00,-1.737337968776417441e+00,-3.058679572025194471e+00,-7.850314420012408645e-01,-8.028225456614243583e-02,0.000000000000000000e+00
6.800000000000000488e-02,-1.574883062819702806e+00,-1.405533543865928658e+00,-1.733857226090683268e+00,-3.061292120641084136e+00,-7.809074022935470483e-01,-8.076469289682011721e-02,0.000000000000000000e+00
7.000000000000000666e-02,-1.570764640436702164e+00,-1.406090028716964202e+00,-1.730351699949254307e+00,-3.063896583160254927e+00,-7.768030470350710814e-01,-8.124884535824897225e-02,0.000000000000000000e+00
7.200000000000000844e-02,-1.566665939584908296e+00,-1.406676654036280949e+00,-1.726821399894922004e+00,-3.066493065637485138e+00,-7.727184632702209788e-01,-8.173471042511405715e-02,0.000000000000000000e+00
7.399999999999999634e-02,-1.562587043321909563e+00,-1.407293306812803735e+00,-1.723266333872457867e+00,-3.069081677061979097e+00,-7.686537340124954820e-01,-8.222228644846767132e-02,0.000000000000000000e+00
7.599999999999999811e-02,-1.558528030694922073e+00,-1.407939872975136231e+00,-1.719686508199093300e+00,-3.071662529311022460e+00,-7.646089382615088859e-01,-8.271157165712050841e-02,0.000000000000000000e+00
7.799999999999999989e-02,-1.554488976759760055e+00,-1.408616237465019738e+00,-1.716081927534729434e+00,-3.074235737103728550e+00,-7.605841510220049395e-01,-8.320256415907947845e-02,0.000000000000000000e+00
8.000000000000000167e-02,-1.552079135916917707e+00,-1.408884640455838611e+00,-1.711325122366785800e+00,-3.078508842778257648e+00,-7.581829187851500951e-01,-8.349882087222028348e-02,1.000000000000000000e+00
8.200000000000000344e-02,-1.549668178954101583e+00,-1.409175734875795616e+00,-1.706549445931015541e+00,-3.082777848134353516e+00,-7.557805794704884894e-01,-8.379538852810433647e-02,1.000000000000000000e+00
8.400000000000000522e-02,-1.547263198057087674e+00,-1.409491815478868260e+00,-1.701752807978982096e+00,-3.087041775039745417e+00,-7.533842386641027566e-01,-8.409273073592060666e-02,1.000000000000000000e+00
8.600000000000000699e-02,-1.544864205444496763e+00,-1.409832803533474177e+00,-1.696935157857170307e+00,-3.091300752319846357e+00,-7.509939088055055390e-01,-8.439085013282651704e-02,1.000000000000000000e+00
8.799999999999999489e-02,-1.542471221795855607e+00,-1.410198641383509699e+00,-1.692096426215682348e+00,-3.095554906136530615e+00,-7.486096106058619526e-01,-8.468974777652381325e-02,1.000000000000000000e+00
8.999999999999999667e-02,-1.540084267426965248e+00,-1.410589272652975623e+00,-1.687236541035405768e+00,-3.099804364067777485e+00,-7.462313644121940648e-01,-8.498942470624210044e-02,1.000000000000000000e+00
9.199999999999999845e-02,-1.544019973573947047e+00,-1.409652458865957358e+00,-1.687790336621332710e+00,-3.100550317209185724e+00,-7.501526978019721348e-01,-8.449480435746141438e-02,1.000000000000000000e+00
9.400000000000000022e-02,-1.547986362818805084e+00,-1.408737786942548365e+00,-1.688325220371958313e+00,-3.101290084819908976e+00,-7.541047628602236541e-01,-8.400184491009390908e-02,1.000000000000000000e+00
9.600000000000000200e-02,-1.551975297090635975e+00,-1.407846384062813927e+00,-1.688840330063104300e+00,-3.102024024001901470e+00,-7.580794125930140348e-01,-8.351025042268682419e-02,1.000000000000000000e+00
9.800000000000000377e-02,-1.555986703345948241e+00,-1.406978303812479014e+00,-1.689335693922849879e+00,-3.102752042088313456e+00,-7.620765744969854039e-01,-8.302003160739572507e-02,1.000000000000000000e+00
1.000000000000000056e-01,-1.560020542985075753e+00,-1.406133642767023684e+00,-1.689811301549500433e+00,-3.103474042618750595e+00,-7.660962101547110770e-01,-8.253119483859387706e-02,1.000000000000000000e+00
1.020000000000000073e-01,-1.564076772928646886e+00,-1.405312495656340532e+00,-1.690267142591113103e+00,-3.104189931078772169e+00,-7.701382766662114854e-01,-8.204374641008843616e-02,1.000000000000000000e+00
1.040000000000000091e-01,-1.568155345641692788e+00,-1.404514955252367914e+00,-1.690703206751778875e+00,-3.104899615046464056e+00,-7.742027266725927115e-01,-8.155769250089014988e-02,1.000000000000000000e+00
1.059999999999999970e-01,-1.572219984264825676e+00,-1.403845765199575268e+00,-1.694048931650606882e+00,-3.102565829795893126e+00,-7.782534083948421388e-01,-8.107733819788204288e-02,1.000000000000000000e+00
1.079999999999999988e-01,-1.576302654516523738e+00,-1.403207015263645774e+00,-1.697369251095848908e+00,-3.100224376223570388e+00,-7.823221740830345050e-01,-8.059877860173018937e-02,1.000000000000000000e+00
1.100000000000000006e-01,-1.580404629429986274e+00,-1.402596567906771119e+00,-1.700666061521531658e+00,-3.097875574232984430e+00,-7.864102930442518069e-01,-8.012188522547102065e-02,1.000000000000000000e+00
1.120000000000000023e-01,-1.584525837834491968e+00,-1.402014534054442985e+00,-1.703939347020873241e+00,-3.095519325392518173e+00,-7.905176941164216986e-01,-7.964665868091815037e-02,1.000000000000000000e+00
1.140000000000000041e-01,-1.588666186961392723e+00,-1.401461010702448107e+00,-1.707189102338760867e+00,-3.093155534511434102e+00,-7.946442845693522106e-01,-7.917310042132123804e-02,1.000000000000000000e+00
1.160000000000000059e-01,-1.592825580106182359e+00,-1.400936093535853466e+00,-1.710415320939727257e+00,-3.090784109206837549e+00,-7.987899677333447634e-01,-7.870121176587491219e-02,1.000000000000000000e+00
1.180000000000000077e-01,-1.597003916620774788e+00,-1.400439876918906590e+00,-1.713617994999808047e+00,-3.088404959911016601e+00,-8.029546429915207506e-01,-7.823099390849418133e-02,1.000000000000000000e+00
1.199999999999999956e-01,-1.601201091907099583e+00,-1.399972453832762920e+00,-1.716797115431875298e+00,-3.086017999910452225e+00,-8.071382057733823556e-01,-7.776244791665051781e-02,1.000000000000000000e+00
1.219999999999999973e-01,-1.605416997413123159e+00,-1.399533915813708118e+00,-1.719952671910656594e+00,-3.083623145384538855e+00,-8.113405475507997622e-01,-7.729557473030011783e-02,1.000000000000000000e+00
1.239999999999999991e-01,-1.609651520631027788e+00,-1.399124352891818468e+00,-1.723084652897581615e+00,-3.081220315443956359e+00,-8.155615558361640760e-01,-7.683037516086513308e-02,1.000000000000000000e+00
1.260000000000000009e-01,-1.613904545097584187e+00,-1.398743853530101111e+00,-1.726193045665404657e+00,-3.078809432168688076e+00,-8.198011141827287185e-01,-7.636684989026880366e-02,1.000000000000000000e+00
1.280000000000000027e-01,-1.618175950396732787e+00,-1.398392504564133887e+00,-1.729277836322681283e+00,-3.076390420645604085e+00,-8.240591021871656041e-01,-7.590499947002589398e-02,1.000000000000000000e+00
1.300000000000000044e-01,-1.622465612164402771e+00,-1.398070391142255398e+00,-1.732339009838062216e+00,-3.073963209005579511e+00,-8.283353954943604158e-01,-7.544482432038981945e-02,1.000000000000000000e+00
1.320000000000000062e-01,-1.626773402095590626e+00,-1.397777596666318400e+00,-1.735376550064443135e+00,-3.071527728460097251e+00,-8.326298658044665180e-01,-7.498632472955732431e-02,1.000000000000000000e+00
1.340000000000000080e-01,-1.631099187953718221e+00,-1.397514202733064703e+00,-1.738390439762949935e+00,-3.069083913337301350e+00,-8.369423808822417099e-01,-7.452950085293119642e-02,1.000000000000000000e+00
1.360000000000000098e-01,-1.635442833582277045e+00,-1.397280289076137771e+00,-1.741380660626793864e+00,-3.066631701117442432e+00,-8.412728045686729272e-01,-7.407435271244343367e-02,1.000000000000000000e+00
1.380000000000000115e-01,-1.639804198918787703e+00,-1.397075933508773460e+00,-1.744347193304992771e+00,-3.064171032467677414e+00,-8.456209967949190887e-01,-7.362088019593784893e-02,1.000000000000000000e+00
1.400000000000000133e-01,-1.644183140011075572e+00,-1.396901211867212167e+00,-1.747290017425962239e+00,-3.061701851276180886e+00,-8.499868135985677586e-01,-7.316908305661451450e-02,1.000000000000000000e+00
1.420000000000000151e-01,-1.648579509035872581e+00,-1.396756197954850398e+00,-1.750209111620994573e+00,-3.059224104685521528e+00,-8.543701071422253879e-01,-7.271896091253594874e-02,1.000000000000000000e+00
1.440000000000000169e-01,-1.652993154319752467e+00,-1.396640963487177034e+00,-1.753104453547619679e+00,-3.056737743125271578e+00,-8.587707257344386891e-01,-7.227051324619630790e-02,1.000000000000000000e+00
1.459999999999999909e-01,-1.657423920362408376e+00,-1.396555578037527834e+00,-1.755976019912871111e+00,-3.054242720343788076e+00,-8.631885138529606927e-01,-7.182373940415313907e-02,1.000000000000000000e+00
1.479999999999999927e-01,-1.661871647862255053e+00,-1.396500108983686594e+00,-1.758823786496441555e+00,-3.051738993439145009e+00,-8.676233121703452733e-01,-7.137863859672449740e-02,1.000000000000000000e+00
1.499999999999999944e-01,-1.666336173744380034e+00,-1.396474621455369602e+00,-1.761647728173756366e+00,-3.049226522889167512e+00,-8.720749575818916854e-01,-7.093520989774872165e-02,1.000000000000000000e+00
1.519999999999999962e-01,-1.670817331190812771e+00,-1.396479178282628242e+00,-1.764447818938950974e+00,-3.046705272580527257e+00,-8.765432832359068005e-01,-7.049345224441047608e-02,1.000000000000000000e+00
1.539999999999999980e-01,-1.675314949673122555e+00,-1.396513839945197510e+00,-1.767224031927769223e+00,-3.044175209836863960e+00,-8.810281185663008108e-01,-7.005336443713136574e-02,1.000000000000000000e+00
1.559999999999999998e-01,-1.679828854987322595e+00,-1.396578664522829749e+00,-1.769976339440390678e+00,-3.041636305445889921e+00,-8.855292893274900878e-01,-6.961494513952591612e-02,1.000000000000000000e+00
1.580000000000000016e-01,-1.684358869291074923e+00,-1.396673707646633122e+00,-1.772704712964169316e+00,-3.039088533685456728e+00,-8.900466176316023104e-01,-6.917819287842355558e-02,1.000000000000000000e+00
1.600000000000000033e-01,-1.688904811143171036e+00,-1.396799022451462147e+00,-1.775409123196320271e+00,-3.036531872348522842e+00,-8.945799219879595476e-01,-6.874310604395628133e-02,1.000000000000000000e+00
1.620000000000000051e-01,-1.693466495545275396e+00,-1.396954659529374476e+00,-1.778089540066531749e+00,-3.033966302767011847e+00,-8.991290173448260870e-01,-6.830968288971250857e-02,1.000000000000000000e+00
1.640000000000000069e-01,-1.698043733985911796e+00,-1.397140666884194138e+00,-1.780745932759514982e+00,-3.031391809834520501e+00,-9.036937151334009100e-01,-6.787792153295608977e-02,1.000000000000000000e+00
1.660000000000000087e-01,-1.702636334486657299e+00,-1.397357089887212966e+00,-1.783378269737502686e+00,-3.028808382027825541e+00,-9.082738233140201789e-01,-6.744781995491183624e-02,1.000000000000000000e+00
1.680000000000000104e-01,-1.707464811000631633e+00,-1.397115254517178995e+00,-1.781565004010654762e+00,-3.031138911591590546e+00,-9.130892575828162272e-01,-6.699878010160270625e-02,1.000000000000000000e+00
1.700000000000000122e-01,-1.712316821693298685e+00,-1.396905660046517950e+00,-1.779725991507046690e+00,-3.033460358101315979e+00,-9.179282642738750830e-01,-6.655105170237145262e-02,1.000000000000000000e+00
1.720000000000000140e-01,-1.717189315567021479e+00,-1.396727730799698142e+00,-1.777861785430649766e+00,-3.035772739245872653e+00,-9.227877958782686463e-01,-6.610475672291551974e-02,1.000000000000000000e+00
1.740000000000000158e-01,-1.722082071495173894e+00,-1.396581444282115392e+00,-1.775972412200924389e+00,-3.038076047737023888e+00,-9.276676313841718535e-01,-6.565989820434117719e-02,1.000000000000000000e+00
1.759999999999999898e-01,-1.726994870301759910e+00,-1.396466787939268261e+00,-1.774057887098224207e+00,-3.040370276613485245e+00,-9.325675517050516783e-01,-6.521647930310713048e-02,1.000000000000000000e+00
1.779999999999999916e-01,-1.731927487368247309e+00,-1.396383745438526836e+00,-1.772118225209391662e+00,-3.042655423207472953e+00,-9.374873323059974561e-01,-6.477450298346291990e-02,1.000000000000000000e+00
1.799999999999999933e-01,-1.736879692753094950e+00,-1.396332296709626553e+00,-1.770153441396066007e+00,-3.044931489140722647e+00,-9.424267433234670976e-01,-6.433397201525352382e-02,1.000000000000000000e+00
1.819999999999999951e-01,-1.741851251251079091e+00,-1.396312417972480846e+00,-1.768163550277871421e+00,-3.047198480314691427e+00,-9.473855496245932040e-01,-6.389488897309332505e-02,1.000000000000000000e+00
1.839999999999999969e-01,-1.746841922456445984e+00,-1.396324081766943781e+00,-1.766148566215683724e+00,-3.049456406898578553e+00,-9.523635108703106811e-01,-6.345725623562400997e-02,1.000000000000000000e+00
1.859999999999999987e-01,-1.751851460829988216e+00,-1.396367256984786032e+00,-1.764108503294767871e+00,-3.051705283315075068e+00,-9.573603815824186514e-01,-6.302107598488662643e-02,1.000000000000000000e+00
1.880000000000000004e-01,-1.756879615770019942e+00,-1.396441908903871099e+00,-1.762043375307728921e+00,-3.053945128223904071e+00,-9.623759112145375827e-01,-6.258635020580789743e-02,1.000000000000000000e+00
1.900000000000000022e-01,-1.761926131687181485e+00,-1.396547999224505121e+00,-1.759953195737328668e+00,-3.056175964503129006e+00,-9.674098442269039033e-01,-6.215308068580186612e-02,1.000000000000000000e+00
1.920000000000000040e-01,-1.766990748083033580e+00,-1.396685486107918983e+00,-1.757837977739127977e+00,-3.058397819228312997e+00,-9.724619201649564726e-01,-6.172126901448646286e-02,1.000000000000000000e+00
1.940000000000000058e-01,-1.772073199632372198e+00,-1.396854324216861398e+00,-1.755697734123976339e+00,-3.060610723649523912e+00,-9.775318737416460735e-01,-6.129091658351580596e-02,1.000000000000000000e+00
1.960000000000000075e-01,-1.777173216269202882e+00,-1.397054464758275882e+00,-1.753532477340324469e+00,-3.062814713166241987e+00,-9.826194349234086411e-01,-6.086202458652779229e-02,1.000000000000000000e+00
1.980000000000000093e-01,-1.782290523276287120e+00,-1.397285855527989229e+00,-1.751342219456394345e+00,-3.065009827300201106e+00,-9.877243290197130765e-01,-6.043459401920799057e-02,1.000000000000000000e+00
2.000000000000000111e-01,-1.787424841378211449e+00,-1.397548440957420146e+00,-1.749126972142153846e+00,-3.067196109666217474e+00,-9.928462767761360164e-01,-6.000862567946722154e-02,1.000000000000000000e+00
2.020000000000000129e-01,-1.792575886837861621e+00,-1.397842162162231228e+00,-1.746886746651137745e+00,-3.069373607941034532e+00,-9.979849944708446552e-01,-5.958412016773535769e-02,1.000000000000000000e+00
2.040000000000000147e-01,-1.797743371556246084e+00,-1.398166956992896059e+00,-1.744621553802095271e+00,-3.071542373830236539e+00,-1.003140194014431996e+00,-5.916107788736809509e-02,1.000000000000000000e+00
2.060000000000000164e-01,-1.802927003175553544e+00,-1.398522760087133276e+00,-1.742331403960446501e+00,-3.073702463033297416e+00,-1.008311583052989180e+00,-5.873949904516746756e-02,1.000000000000000000e+00
2.080000000000000182e-01,-1.808126485185355792e+00,-1.398909502924158277e+00,-1.740016307019572883e+00,-3.075853935206790180e+00,-1.013498865074326627e+00,-5.831938365201495833e-02,1.000000000000000000e+00
2.099999999999999922e-01,-1.813341517031843875e+00,-1.399327113880697526e+00,-1.737676272381929454e+00,-3.077996853925827558e+00,-1.018701739517234195e+00,-5.790073152361630698e-02,1.000000000000000000e+00
2.119999999999999940e-01,-1.818571794230016803e+00,-1.399775518288735032e+00,-1.735311308939946118e+00,-3.080131286643795985e+00,-1.023919901883689976e+00,-5.748354228135538896e-02,1.000000000000000000e+00
2.139999999999999958e-01,-1.823817008478670676e+00,-1.400254638494907722e+00,-1.732921425056770159e+00,-3.082257304650422025e+00,-1.029153043853882510e+00,-5.706781535325849281e-02,1.000000000000000000e+00
2.159999999999999976e-01,-1.829076847778115411e+00,-1.400764393921534401e+00,-1.730506628546781167e+00,-3.084374983028251638e+00,-1.034400853403955267e+00,-5.665354997506442253e-02,1.000000000000000000e+00
2.179999999999999993e-01,-1.834350996550460078e+00,-1.401304701129166386e+00,-1.728066926655948077e+00,-3.086484400607591549e+00,-1.039663014926327067e+00,-5.624074519140213890e-02,1.000000000000000000e+00
2.200000000000000011e-01,-1.838154697249333003e+00,-1.402003285698812274e+00,-1.731865005658868695e+00,-3.082136480413526058e+00,-1.043458134220502709e+00,-5.594522772507429936e-02,1.000000000000000000e+00
2.220000000000000029e-01,-1.841956754687317011e+00,-1.402731606767781747e+00,-1.735638132634449438e+00,-3.077782851354172067e+00,-1.047251633862510189e+00,-5.565052310150934295e-02,1.000000000000000000e+00
2.240000000000000047e-01,-1.845762232865290953e+00,-1.403489901522612771e+00,-1.739386374447373873e+00,-3.073422655123984271e+00,-1.051048584179781864e+00,-5.535684456111943097e-02,1.000000000000000000e+00
2.260000000000000064e-01,-1.849571020779473551e+00,-1.404278207380122101e+00,-1.743109714237687680e+00,-3.069055876823037821e+00,-1.054848873882923810e+00,-5.506418565420988231e-02,1.000000000000000000e+00
2.280000000000000082e-01,-1.853382998341564392e+00,-1.405096539542542322e+00,-1.746808151292977396e+00,-3.064682507832442226e+00,-1.058652382760801425e+00,-5.477254218027444860e-02,1.000000000000000000e+00
2.300000000000000100e-01,-1.857198045483119619e+00,-1.405944912301275940e+00,-1.750481683161039692e+00,-3.060302542226895905e+00,-1.062458990621448773e+00,-5.448190991241438214e-02,1.000000000000000000e+00
2.320000000000000118e-01,-1.861016042081413913e+00,-1.406823338983171245e+00,-1.754130305678527124e+00,-3.055915976792367594e+00,-1.066268577218120850e+00,-5.419228460622047688e-02,1.000000000000000000e+00
2.340000000000000135e-01,-1.864836867981787494e+00,-1.407731831912463649e+00,-1.757754013001041615e+00,-3.051522811033151150e+00,-1.070081022271658133e+00,-5.390366200032958854e-02,1.000000000000000000e+00
2.360000000000000153e-01,-1.859455901138463263e+00,-1.407114206294653336e+00,-1.760429271149939412e+00,-3.049269681545293320e+00,-1.064711851120789809e+00,-5.430989471952068354e-02,1.000000000000000000e+00
2.380000000000000171e-01,-1.854092596707732410e+00,-1.406528632224886666e+00,-1.763078312455883312e+00,-3.047007531812464975e+00,-1.059360390870791591e+00,-5.471779055577819656e-02,1.000000000000000000e+00
2.399999999999999911e-01,-1.848742390459670260e+00,-1.405974516608349711e+00,-1.765701614236374173e+00,-3.044737048208316033e+00,-1.054022071263751359e+00,-5.512714129508481525e-02,1.000000000000000000e+00
2.419999999999999929e-01,-1.843405625614503274e+00,-1.405451985369924106e+00,-1.768299142798777757e+00,-3.042458134394238289e+00,-1.048697235346218060e+00,-5.553794551919921663e-02,1.000000000000000000e+00
2.439999999999999947e-01,-1.838082634156096740e+00,-1.404961138493600048e+00,-1.770870883674562357e+00,-3.040170701355616512e+00,-1.043386215145388984e+00,-5.595020465241036522e-02,1.000000000000000000e+00
2.459999999999999964e-01,-1.832773744665560312e+00,-1.404502073027697806e+00,-1.773416821770687823e+00,-3.037874663946544818e+00,-1.038089339280408030e+00,-5.636391993923037941e-02,1.000000000000000000e+00
2.479999999999999982e-01,-1.827479282328353438e+00,-1.404074883066732449e+00,-1.775936941354163690e+00,-3.035569940933899868e+00,-1.032806932969230207e+00,-5.677909243249605609e-02,1.000000000000000000e+00
2.500000000000000000e-01,-1.822199568805202174e+00,-1.403679659677394831e+00,-1.778431226075017246e+00,-3.033256455051002831e+00,-1.027539317899493598e+00,-5.719572299190585352e-02,1.000000000000000000e+00
2.520000000000000018e-01,-1.816934922105479133e+00,-1.403316490826535645e+00,-1.780899658988636114e+00,-3.030934133049641321e+00,-1.022286812101863340e+00,-5.761381228273765309e-02,1.000000000000000000e+00
2.540000000000000036e-01,-1.811685656463138949e+00,-1.402985461310726656e+00,-1.783342222577930514e+00,-3.028602905750523711e+00,-1.017049729825932891e+00,-5.803336077467314419e-02,1.000000000000000000e+00
2.560000000000000053e-01,-1.806452082215330490e+00,-1.402686652687437752e+00,-1.785758898775333448e+00,-3.026262708092090303e+00,-1.011828381418804268e+00,-5.845436874073144107e-02,1.000000000000000000e+00
2.580000000000000071e-01,-1.801234505683793063e+00,-1.402420143207914860e+00,-1.788149668984638785e+00,-3.023913479177604557e+00,-1.006623073206458496e+00,-5.887683625631377066e-02,1.000000000000000000e+00
2.600000000000000089e-01,-1.796033229059186720e+00,-1.402186007751808905e+00,-1.790514514102670374e+00,-3.021555162320480381e+00,-1.001434107378058380e+00,-5.930076319835966142e-02,1.000000000000000000e+00
2.620000000000000107e-01,-1.790848550288446361e+00,-1.401984317763624643e+00,-1.792853414540805934e+00,-3.019187705087736262e+00,-9.962617818732842911e-01,-5.972614924461672192e-02,1.000000000000000000e+00
2.640000000000000124e-01,-1.785680762965280666e+00,-1.401815141191037117e+00,-1.795166350246342191e+00,-3.016811059341557133e+00,-9.911063902728136643e-01,-6.015299387302574380e-02,1.000000000000000000e+00
2.660000000000000142e-01,-1.780530156223933513e+00,-1.401678542425162100e+00,-1.797453300723701242e+00,-3.014425181278865384e+00,-9.859682216920682141e-01,-6.058129636122026873e-02,1.000000000000000000e+00
2.680000000000000160e-01,-1.775397014636285853e+00,-1.401574582242788303e+00,-1.799714245055508144e+00,-3.012030031468862834e+00,-9.808475606783050305e-01,-6.101105578614409580e-02,1.000000000000000000e+00
2.700000000000000178e-01,-1.770281618112420352e+00,-1.401503317750683930e+00,-1.801949161923496856e+00,-3.009625574888474375e+00,-9.757446871111720155e-01,-6.144227102378530675e-02,1.000000000000000000e+00
2.720000000000000195e-01,-1.765184241804723442e+00,-1.401464802331975568e+00,-1.804158029629294946e+00,-3.007211780955643565e+00,-9.706598761068077064e-01,-6.187494074902860630e-02,1.000000000000000000e+00
2.740000000000000213e-01,-1.760105156015621342e+00,-1.401459085594692455e+00,-1.806340826115043097e+00,-3.004788623560429528e+00,-9.655933979255739708e-01,-6.230906343562560290e-02,1.000000000000000000e+00
2.760000000000000231e-01,-1.755044626109020678e+00,-1.401486213322486574e+00,-1.808497528983901148e+00,-3.002356081093840778e+00,-9.605455178835011765e-01,-6.274463735628441063e-02,1.000000000000000000e+00
2.780000000000000249e-01,-1.750002912425538071e+00,-1.401546227427606262e+00,-1.810628115520386050e+00,-2.999914136474389093e+00,-9.555164962675231077e-01,-6.318166058287758013e-02,1.000000000000000000e+00
2.800000000000000266e-01,-1.754754793412274472e+00,-1.402109965003297543e+00,-1.812985433936203483e+00,-2.997229879908761330e+00,-9.602564179403599853e-01,-6.276984674601503167e-02,1.000000000000000000e+00
2.820000000000000284e-01,-1.759516423861603895e+00,-1.402703367762407671e+00,-1.815319099294264715e+00,-2.994537120949248621e+00,-9.650061384189639879e-01,-6.235975122465291232e-02,1.000000000000000000e+00
2.840000000000000302e-01,-1.764290594263553391e+00,-1.403327519047568694e+00,-1.817628242454474519e+00,-2.991835614242845498e+00,-9.697684460162053766e-01,-6.195127531047658898e-02,1.000000000000000000e+00
2.860000000000000320e-01,-1.769077072631382475e+00,-1.403982435300448417e+00,-1.819912812925036816e+00,-2.989125398007033585e+00,-9.745431086115716734e-01,-6.154441556326144258e-02,1.000000000000000000e+00
2.880000000000000338e-01,-1.773875621662552193e+00,-1.404668117367572133e+00,-1.822172770617449311e+00,-2.986406517127486726e+00,-9.793298887842211142e-01,-6.113916799020079756e-02,1.000000000000000000e+00
2.899999999999999800e-01,-1.778686001680725104e+00,-1.405384562942415760e+00,-1.824408075068497670e+00,-2.983679020226990275e+00,-9.841285467362269612e-01,-6.073552847613472583e-02,1.000000000000000000e+00
2.919999999999999818e-01,-1.783507970640701323e+00,-1.406131766517659365e+00,-1.826618685475511761e+00,-2.980942959675052961e+00,-9.889388402973092740e-01,-6.033349278463268767e-02,1.000000000000000000e+00
2.939999999999999836e-01,-1.788341284207266124e+00,-1.406909719365112998e+00,-1.828804560718349848e+00,-2.978198391583890103e+00,-9.937605250037215843e-01,-5.993305655935143167e-02,1.000000000000000000e+00
2.959999999999999853e-01,-1.793185695835374904e+00,-1.407718409517473512e+00,-1.830965659381053490e+00,-2.975445375802771242e+00,-9.985933541784771661e-01,-5.953421532546247785e-02,1.000000000000000000e+00
2.979999999999999871e-01,-1.798040956851524985e+00,-1.408557821751601047e+00,-1.833101939773463140e+00,-2.972683975910814347e+00,-1.003437079012764022e+00,-5.913696449112915143e-02,1.000000000000000000e+00
2.999999999999999889e-01,-1.802906816536246071e+00,-1.409427937573324741e+00,-1.835213359952778456e+00,-2.969914259208213725e+00,-1.008291448648479083e+00,-5.874129934903180028e-02,1.000000000000000000e+00
3.019999999999999907e-01,-1.807783022207653856e+00,-1.410328735203798534e+00,-1.837299877745063093e+00,-2.967136296705899845e+00,-1.013156210261826118e+00,-5.834721507793846906e-02,1.000000000000000000e+00
3.039999999999999925e-01,-1.812669319305964866e+00,-1.411260189567385970e+00,-1.839361450766704653e+00,-2.964350163113633752e+00,-1.018031109147879532e+00,-5.795470674432164765e-02,1.000000000000000000e+00
3.059999999999999942e-01,-1.817565451478935667e+00,-1.412222272281109081e+00,-1.841398036445797581e+00,-2.961555936826538282e+00,-1.022915888806069873e+00,-5.756376930401706921e-02,1.000000000000000000e+00
3.079999999999999960e-01,-1.822471160668117873e+00,-1.413214951645632267e+00,-1.843409592043490974e+00,-2.958753699910058987e+00,-1.027810291026487910e+00,-5.717439760392546005e-02,1.000000000000000000e+00
3.099999999999999978e-01,-1.827386187195882084e+00,-1.414238192637815805e+00,-1.845396074675249354e+00,-2.955943538083370736e+00,-1.032714055976959422e+00,-5.678658638375341794e-02,1.000000000000000000e+00
3.119999999999999996e-01,-1.832310269853117290e+00,-1.415291956904819015e+00,-1.847357441332052819e+00,-2.953125540701228235e+00,-1.037626922290796561e+00,-5.640033027779339792e-02,1.000000000000000000e+00
3.140000000000000013e-01,-1.837243145987541126e+00,-1.416376202759748404e+00,-1.849293648901533249e+00,-2.950299800734271560e+00,-1.042548627155159391e+00,-5.601562381674025926e-02,1.000000000000000000e+00
3.160000000000000031e-01,-1.842184551592539021e+00,-1.417490885178875004e+00,-1.851204654189028576e+00,-2.947466414747780039e+00,-1.047478906399949228e+00,-5.563246142954304113e-02,1.000000000000000000e+00
3.180000000000000049e-01,-1.847134221396460996e+00,-1.418635955800394921e+00,-1.853090413938553338e+00,-2.944625482878910017e+00,-1.052417494587159608e+00,-5.525083744529006580e-02,1.000000000000000000e+00
3.200000000000000067e-01,-1.852091888952295484e+00,-1.419811362924731091e+00,-1.854950884853700410e+00,-2.941777108812402730e+00,-1.057364125100606289e+00,-5.487074609512587742e-02,1.000000000000000000e+00
3.220000000000000084e-01,-1.857057286727654244e+00,-1.421017051516396013e+00,-1.856786023618435921e+00,-2.938921399754784503e+00,-1.062318530235967229e+00,-5.449218151419777528e-02,1.000000000000000000e+00
3.240000000000000102e-01,-1.862030146194972202e+00,-1.422252963207367715e+00,-1.858595786917825787e+00,-2.936058466407072576e+00,-1.067280441291040383e+00,-5.411513774363135854e-02,1.000000000000000000e+00
3.260000000000000120e-01,-1.867010197921875836e+00,-1.423519036302022478e+00,-1.860380131458639896e+00,-2.933188422935996353e+00,-1.072249588656169372e+00,-5.373960873253153664e-02,1.000000000000000000e+00
3.280000000000000138e-01,-1.871997171661623716e+00,-1.424815205783565020e+00,-1.862139013989878356e+00,-2.930311386943758034e+00,-1.077225701904743316e+00,-5.336558834000861007e-02,1.000000000000000000e+00
3.300000000000000155e-01,-1.876990796443547937e+00,-1.426141403321999235e+00,-1.863872391323171396e+00,-2.927427479436334412e+00,-1.082208509883696657e+00,-5.299307033722751997e-02,1.000000000000000000e+00
3.320000000000000173e-01,-1.881990800663429608e+00,-1.427497557283571972e+00,-1.865580220353087570e+00,-2.924536824790358924e+00,-1.087197740803944823e+00,-5.262204840947808798e-02,1.000000000000000000e+00
3.340000000000000191e-01,-1.886996912173737995e+00,-1.428883592741750252e+00,-1.867262458077306508e+00,-2.921639550718572398e+00,-1.092193122330684218e+00,-5.225251615826410206e-02,1.000000000000000000e+00
3.360000000000000209e-01,-1.892008858373644298e+00,-1.430299431489640671e+00,-1.868919061616679755e+00,-2.918735788233906003e+00,-1.097194381673465724e+00,-5.188446710341074186e-02,1.000000000000000000e+00
3.380000000000000226e-01,-1.897026366298759426e+00,-1.431744992053905374e+00,-1.870549988235169270e+00,-2.915825671612163106e+00,-1.102201245675994867e+00,-5.151789468518758880e-02,1.000000000000000000e+00
3.400000000000000244e-01,-1.902049162710511165e+00,-1.433220189710127102e+00,-1.872155195359637370e+00,-2.912909338353373734e+00,-1.107213440905571167e+00,-5.115279226644541682e-02,1.000000000000000000e+00
3.420000000000000262e-01,-1.907199304840395238e+00,-1.433634778432177681e+00,-1.869239733709817219e+00,-2.915575960336384220e+00,-1.112352766854212138e+00,-5.078028321003008605e-02,1.000000000000000000e+00
3.440000000000000280e-01,-1.912360875809844263e+00,-1.434080488668454167e+00,-1.866299861686119721e+00,-2.918233626330589470e+00,-1.117503553873456568e+00,-5.040888198144276994e-02,1.000000000000000000e+00
3.460000000000000298e-01,-1.917531338688159614e+00,-1.434556642761679823e+00,-1.863335165182222974e+00,-2.920883417410742755e+00,-1.122663268405408310e+00,-5.003870534702924144e-02,1.000000000000000000e+00
3.480000000000000315e-01,-1.922710387238155461e+00,-1.435063105997093746e+00,-1.860345686069252436e+00,-2.923525432510472477e+00,-1.127831604141416033e+00,-4.966975056204765704e-02,1.000000000000000000e+00
3.500000000000000333e-01,-1.927897717355885332e+00,-1.435599749798262659e+00,-1.857331457853717671e+00,-2.926159772145792815e+00,-1.133008256900519761e+00,-4.930201501233601180e-02,1.000000000000000000e+00
3.519999999999999796e-01,-1.933093023732476157e+00,-1.436166443723837505e+00,-1.854292513142069776e+00,-2.928786539811307765e+00,-1.138192921292910942e+00,-4.893549595366757099e-02,1.000000000000000000e+00
3.539999999999999813e-01,-1.938296000013688847e+00,-1.436763055567898295e+00,-1.851228883607743292e+00,-2.931405841910260879e+00,-1.143385290879736393e+00,-4.857019051449523728e-02,1.000000000000000000e+00
3.559999999999999831e-01,-1.943506338911672460e+00,-1.437389451444038180e+00,-1.848140599967341258e+00,-2.934017787690840429e+00,-1.148585058284908866e+00,-4.820609569789308102e-02,1.000000000000000000e+00
3.579999999999999849e-01,-1.948723732316673507e+00,-1.438045495869296753e+00,-1.845027691956944826e+00,-2.936622489182460605e+00,-1.153791915306872307e+00,-4.784320838353017108e-02,1.000000000000000000e+00
3.599999999999999867e-01,-1.953947871408650228e+00,-1.438731051848065823e+00,-1.841890188308376031e+00,-2.939220061132050255e+00,-1.159005553030275415e+00,-4.748152532968460959e-02,1.000000000000000000e+00
3.619999999999999885e-01,-1.959178446768681470e+00,-1.439445980955933235e+00,-1.838728116725382167e+00,-2.941810620940422449e+00,-1.164225661937440037e+00,-4.712104317529604292e-02,1.000000000000000000e+00
3.639999999999999902e-01,-1.964415148490071816e+00,-1.440190143423385249e+00,-1.835541503859764889e+00,-2.944394288598780829e+00,-1.169451932019525131e+00,-4.676175844205504584e-02,1.000000000000000000e+00
3.659999999999999920e-01,-1.969657666289059472e+00,-1.440963398219329505e+00,-1.832330375287437363e+00,-2.946971186625423123e+00,-1.174684052887299268e+00,-4.640366753652670762e-02,1.000000000000000000e+00
3.679999999999999938e-01,-1.974905689615041871e+00,-1.441765603134391727e+00,-1.829094755484377055e+00,-2.949541440002725778e+00,-1.179921713881426415e+00,-4.604676675230574834e-02,1.000000000000000000e+00
3.699999999999999956e-01,-1.980158907760209308e+00,-1.442596614863935978e+00,-1.825834667802506361e+00,-2.952105176114426133e+00,-1.185164604182162407e+00,-4.569105227220258275e-02,1.000000000000000000e+00
3.719999999999999973e-01,-1.985417009968520219e+00,-1.443456289090753630e+00,-1.822550134445451997e+00,-2.954662524683318470e+00,-1.190412412918397278e+00,-4.533652017045580740e-02,1.000000000000000000e+00
3.739999999999999991e-01,-1.990679685543899513e+00,-1.444344480567385958e+00,-1.819241176444212682e+00,-2.957213617709365305e+00,-1.195664829275915331e+00,-4.498316641497168700e-02,1.000000000000000000e+00
3.760000000000000009e-01,-1.995946623957611576e+00,-1.445261043198034168e+00,-1.815907813632689161e+00,-2.959758589408325591e+00,-1.200921542604835413e+00,-4.463098686958547057e-02,1.000000000000000000e+00
3.780000000000000027e-01,-2.001217514954680254e+00,-1.446205830120017799e+00,-1.812550064623088319e+00,-2.962297576150922485e+00,-1.206182242526096626e+00,-4.427997729634547408e-02,1.000000000000000000e+00
3.800000000000000044e-01,-2.006492048659317629e+00,-1.447178693784726411e+00,-1.809167946781193859e+00,-2.964830716402632849e+00,-1.211446619036953720e+00,-4.393013335781496137e-02,1.000000000000000000e+00
3.820000000000000062e-01,-2.007751052319182161e+00,-1.448301428143954128e+00,-1.813136724112843989e+00,-2.959767405447618405e+00,-1.212703223016468712e+00,-4.384748520422371287e-02,1.000000000000000000e+00
3.840000000000000080e-01,-2.009007170647026275e+00,-1.449445927687902813e+00,-1.817089386581410615e+00,-2.954699297554950199e+00,-1.213956930489448860e+00,-4.376444931086680146e-02,1.000000000000000000e+00
3.860000000000000098e-01,-2.010262496822998735e+00,-1.450614324149362977e+00,-1.821023227836618963e+00,-2.949625970873049230e+00,-1.215209849660750852e+00,-4.368154456142300107e-02,1.000000000000000000e+00
3.880000000000000115e-01,-2.011517026585038170e+00,-1.451806665991911993e+00,-1.824938249531622425e+00,-2.944547375970120395e+00,-1.216461976184088911e+00,-4.359876945013527877e-02,1.000000000000000000e+00
3.900000000000000133e-01,-2.006426835068490178e+00,-1.450920266259219771e+00,-1.828324562317062529e+00,-2.941930924198098207e+00,-1.211381532281938345e+00,-4.393450852815380947e-02,1.000000000000000000e+00
3.920000000000000151e-01,-2.001341758869062293e+00,-1.450062242335699914e+00,-1.831685512252312797e+00,-2.939308574388685980e+00,-1.206306247953299549e+00,-4.427177494426939169e-02,1.000000000000000000e+00
3.940000000000000169e-01,-1.996260209401608643e+00,-1.449231294507909773e+00,-1.835023274008239724e+00,-2.936680351677630085e+00,-1.201234521845282455e+00,-4.461011948537672855e-02,1.000000000000000000e+00
3.960000000000000187e-01,-1.991182455672350526e+00,-1.448427563292285614e+00,-1.838337822901055851e+00,-2.934046133811445856e+00,-1.196166622805417967e+00,-4.494954182055372477e-02,1.000000000000000000e+00
3.980000000000000204e-01,-1.986108776044915203e+00,-1.447651185418281861e+00,-1.841629137571407338e+00,-2.931405798315031674e+00,-1.191102829304387045e+00,-4.529004561070990031e-02,1.000000000000000000e+00
4.000000000000000222e-01,-1.981039449048630052e+00,-1.446902296860529846e+00,-1.844897195553012681e+00,-2.928759224721780630e+00,-1.186043419976322344e+00,-4.563163443316224643e-02,1.000000000000000000e+00
4.020000000000000240e-01,-1.975974753321769084e+00,-1.446181032817703827e+00,-1.848141973242476199e+00,-2.926106294627130122e+00,-1.180988673561678803e+00,-4.597431177432747401e-02,1.000000000000000000e+00
4.040000000000000258e-01,-1.970914967522035877e+00,-1.445487527639973901e+00,-1.851363445920892303e+00,-2.923446891742765619e+00,-1.175938868817660632e+00,-4.631808102784659015e-02,1.000000000000000000e+00
4.060000000000000275e-01,-1.965860370236113930e+00,-1.444821914756035941e+00,-1.854561587775365394e+00,-2.920780901951289810e+00,-1.170894284427718590e+00,-4.666294549274573739e-02,1.000000000000000000e+00
4.080000000000000293e-01,-1.960811239888637258e+00,-1.444184326599771584e+00,-1.857736371920460483e+00,-2.918108213361290115e+00,-1.165855198910469070e+00,-4.700890837161797453e-02,1.000000000000000000e+00
4.100000000000000311e-01,-1.955767854650642068e+00,-1.443574894536590048e+00,-1.860887770419597853e+00,-2.915428716362750361e+00,-1.160821890528092704e+00,-4.735597276882861500e-02,1.000000000000000000e+00
4.120000000000000329e-01,-1.950730492347570788e+00,-1.442993748789481501e+00,-1.864015754306391326e+00,-2.912742303682769318e+00,-1.155794637194286656e+00,-4.770414168874479582e-02,1.000000000000000000e+00
4.140000000000000346e-01,-1.945699430366899518e+00,-1.442441018364820637e+00,-1.867120293605937231e+00,-2.910048870441527935e+00,-1.150773716381843226e+00,-4.805341803399185846e-02,1.000000000000000000e+00
4.160000000000000364e-01,-1.940674945565453946e+00,-1.441916830977959307e+00,-1.870201357356081395e+00,-2.907348314208451967e+00,-1.145759405029914690e+00,-4.840380460373822774e-02,1.000000000000000000e+00
4.179999999999999827e-01,-1.935657314176508770e+00,-1.441421312978654834e+00,-1.873258913628639721e+00,-2.904640535058539808e+00,-1.140751979451063436e+00,-4.875530409200926063e-02,1.000000000000000000e+00
4.199999999999999845e-01,-1.930646811716722144e+00,-1.440954589276367104e+00,-1.876292929550613886e+00,-2.901925435628765815e+00,-1.135751715238150883e+00,-4.910791908603320821e-02,1.000000000000000000e+00
4.219999999999999862e-01,-1.933883999003873200e+00,-1.442532347377348145e+00,-1.879161099060907336e+00,-2.897574603521220649e+00,-1.138982296424920992e+00,-4.888038810579412724e-02,1.000000000000000000e+00
4.239999999999999880e-01,-1.937117820169007576e+00,-1.444133624839727625e+00,-1.882009823177029251e+00,-2.893219310650431364e+00,-1.142209523777276914e+00,-4.865329280897021796e-02,1.000000000000000000e+00
4.259999999999999898e-01,-1.940351797108878618e+00,-1.445760210143966829e+00,-1.884837683882462755e+00,-2.888858634378341783e+00,-1.145436926139657974e+00,-4.842685695678555086e-02,1.000000000000000000e+00
4.279999999999999916e-01,-1.937253642310860391e+00,-1.446220396939226660e+00,-1.889309975047512635e+00,-2.883836302583626221e+00,-1.142345070154078934e+00,-4.864379842420989142e-02,1.000000000000000000e+00
4.299999999999999933e-01,-1.934161674573191991e+00,-1.446715797792624381e+00,-1.893758523508928482e+00,-2.878801854824219575e+00,-1.139259405733825892e+00,-4.886089104238101888e-02,1.000000000000000000e+00
4.319999999999999951e-01,-1.931073919750932566e+00,-1.447243277348011281e+00,-1.898184275567340373e+00,-2.873757382725144804e+00,-1.136177963541060043e+00,-4.907830388191240789e-02,1.000000000000000000e+00
4.339999999999999969e-01,-1.927990434121587660e+00,-1.447802949349041191e+00,-1.902587224537224397e+00,-2.868702778412070664e+00,-1.133100799880248477e+00,-4.929603773023670532e-02,1.000000000000000000e+00
4.359999999999999987e-01,-1.924911281459325885e+00,-1.448394937390780735e+00,-1.906967353550948596e+00,-2.863637935217152819e+00,-1.130027978516967346e+00,-4.951409228133812207e-02,1.000000000000000000e+00
4.380000000000000004e-01,-1.921836525226318315e+00,-1.449019365244410329e+00,-1.911324643395476253e+00,-2.858562748678567633e+00,-1.126959562904029433e+00,-4.973246720484525429e-02,1.000000000000000000e+00
4.400000000000000022e-01,-1.918766228543065555e+00,-1.449676356798930366e+00,-1.915659072535843110e+00,-2.853477116571784489e+00,-1.123895616152017274e+00,-4.995116215110220748e-02,1.000000000000000000e+00
4.420000000000000040e-01,-1.915700454180099044e+00,-1.450366036002030734e+00,-1.919970617134099999e+00,-2.848380938949849561e+00,-1.120836201020986689e+00,-5.017017675114501807e-02,1.000000000000000000e+00
4.440000000000000058e-01,-1.912639264549722773e+00,-1.451088526799979794e+00,-1.924259251068050958e+00,-2.843274118184853538e+00,-1.117781379912202722e+00,-5.038951061666955417e-02,1.000000000000000000e+00
4.460000000000000075e-01,-1.909582721697813623e+00,-1.451843953076565441e+00,-1.928524945949778857e+00,-2.838156559010556634e+00,-1.114731214859946640e+00,-5.060916334000484240e-02,1.000000000000000000e+00
4.480000000000000093e-01,-1.904447898210338552e+00,-1.450273216680135091e+00,-1.927540923573086040e+00,-2.840548112968514172e+00,-1.109607131301596494e+00,-5.097904879735586786e-02,1.000000000000000000e+00
4.500000000000000111e-01,-1.899319032531189277e+00,-1.448728069956569886e+00,-1.926530386699893960e+00,-2.842937433401680813e+00,-1.104489064979791157e+00,-5.135098204090352003e-02,1.000000000000000000e+00
4.520000000000000129e-01,-1.894196102825072670e+00,-1.447211150521939160e+00,-1.925494553003844755e+00,-2.845321449987352036e+00,-1.099376978143339123e+00,-5.172440717699848534e-02,1.000000000000000000e+00
4.540000000000000147e-01,-1.889079412007699688e+00,-1.445722567899415001e+00,-1.924433459413412484e+00,-2.847700008484099321e+00,-1.094271173606365721e+00,-5.209932527873030461e-02,1.000000000000000000e+00
4.560000000000000164e-01,-1.883969251149862911e+00,-1.444262426780567488e+00,-1.923347143063188325e+00,-2.850072957221401193e+00,-1.089171942622735756e+00,-5.247574261038678856e-02,1.000000000000000000e+00
4.580000000000000182e-01,-1.878865910784085935e+00,-1.442830828520283548e+00,-1.922235641574259191e+00,-2.852440147531674519e+00,-1.084079575906047532e+00,-5.285366535586814157e-02,1.000000000000000000e+00
4.600000000000000200e-01,-1.873769680784345137e+00,-1.441427871045441567e+00,-1.921098993081500783e+00,-2.854801433827615309e+00,-1.078994363508596122e+00,-5.323309960317963024e-02,1.000000000000000000e+00
4.620000000000000218e-01,-1.868680850264854865e+00,-1.440053648824028754e+00,-1.919937236218018262e+00,-2.857156673652325285e+00,-1.073916594720089046e+00,-5.361405134216503526e-02,1.000000000000000000e+00
4.640000000000000235e-01,-1.863920218328805944e+00,-1.438535247349681967e+00,-1.918032362107687350e+00,-2.860408250195309865e+00,-1.069166370198886939e+00,-5.397246656643159973e-02,1.000000000000000000e+00
4.660000000000000253e-01,-1.859165014210877542e+00,-1.437047953373008946e+00,-1.916101482459898309e+00,-2.863652692661725840e+00,-1.064421612277000051e+00,-5.433221501973037326e-02,1.000000000000000000e+00
4.680000000000000271e-01,-1.854416307070579029e+00,-1.435591099514622826e+00,-1.914144974656313725e+00,-2.866890148130392557e+00,-1.059683392088340392e+00,-5.469336582506953426e-02,1.000000000000000000e+00
4.700000000000000289e-01,-1.849674325289536236e+00,-1.434164740175081887e+00,-1.912162896872269258e+00,-2.870120495518192261e+00,-1.054951938232003839e+00,-5.505592552933662176e-02,1.000000000000000000e+00
4.720000000000000306e-01,-1.844939302488929345e+00,-1.432768932084804492e+00,-1.910155303242948355e+00,-2.873343615798638950e+00,-1.050227484489243857e+00,-5.541989959609989330e-02,1.000000000000000000e+00
4.740000000000000324e-01,-1.840211471504146212e+00,-1.431403728548457766e+00,-1.908122247895835510e+00,-2.876559393514620311e+00,-1.045510263853246746e+00,-5.578529340981842888e-02,1.000000000000000000e+00
4.760000000000000342e-01,-1.835491064292805952e+00,-1.430069179462036155e+00,-1.906063784909878933e+00,-2.879767716800981425e+00,-1.040800508437222271e+00,-5.615211227813757949e-02,1.000000000000000000e+00
4.780000000000000360e-01,-1.830778311863620944e+00,-1.428765331319517440e+00,-1.903979968291980240e+00,-2.882968477403875518e+00,-1.036098449403221489e+00,-5.652036143034739474e-02,1.000000000000000000e+00
4.799999999999999822e-01,-1.826073444205319696e+00,-1.427492227220801269e+00,-1.901870851953583186e+00,-2.886161570698702494e+00,-1.031404316891015416e+00,-5.689004601584941173e-02,1.000000000000000000e+00
4.819999999999999840e-01,-1.821376690215848360e+00,-1.426249906881135621e+00,-1.899736489687259944e+00,-2.889346895706527363e+00,-1.026718339947252367e+00,-5.726117110264537791e-02,1.000000000000000000e+00
4.839999999999999858e-01,-1.816688277631882231e+00,-1.425038406641971900e+00,-1.897576935143295618e+00,-2.892524355109019396e+00,-1.022040746454928151e+00,-5.763374167585046809e-02,1.000000000000000000e+00
4.859999999999999876e-01,-1.812008432958724047e+00,-1.423857759483291296e+00,-1.895392241806275635e+00,-2.895693855261884497e+00,-1.017371763063239731e+00,-5.800776263623127343e-02,1.000000000000000000e+00
4.879999999999999893e-01,-1.807337381400630161e+00,-1.422707995037362005e+00,-1.893182462971667146e+00,-2.898855306206813420e+00,-1.012711615117872332e+00,-5.838323879876998468e-02,1.000000000000000000e+00
4.899999999999999911e-01,-1.802675346791612121e+00,-1.421589139603919305e+00,-1.890947651722431511e+00,-2.902008621681935630e+00,-1.008060526591758155e+00,-5.876017489125691384e-02,1.000000000000000000e+00
4.919999999999999929e-01,-1.798022551526789581e+00,-1.420501216166765834e+00,-1.888687860905633009e+00,-2.905153719130800560e+00,-1.003418720016391541e+00,-5.913857555291101437e-02,1.000000000000000000e+00
4.939999999999999947e-01,-1.793379216494333184e+00,-1.419444244411775857e+00,-1.886403143109070424e+00,-2.908290519709883171e+00,-9.987864164137317813e-01,-5.951844533303049523e-02,1.000000000000000000e+00
4.959999999999999964e-01,-1.788745561008049600e+00,-1.418418240746293524e+00,-1.884093550637931713e+00,-2.911418948294613784e+00,-9.941638352287492930e-01,-5.989978868967484743e-02,1.000000000000000000e+00
4.979999999999999982e-01,-1.784121802740669116e+00,-1.417423218319897815e+00,-1.881759135491475110e+00,-2.914538933483960648e+00,-9.895511942626780133e-01,-6.028260998837872003e-02,1.000000000000000000e+00
5.000000000000000000e-01,-1.779508157657886835e+00,-1.416459187046543722e+00,-1.879399949339718878e+00,-2.917650407603569196e+00,-9.849487096070189684e-01,-6.066691350089940121e-02,1.000000000000000000e+00
5.020000000000000018e-01,-1.774904839953202806e+00,-1.415526153628037020e+00,-1.877016043500185472e+00,-2.920753306707451813e+00,-9.803565955783457575e-01,-6.105270340399858442e-02,1.000000000000000000e+00
5.040000000000000036e-01,-1.770312061983627006e+00,-1.414624121578855753e+00,-1.874607468914653019e+00,-2.923847570578262278e+00,-9.757750646539746775e-01,-6.143998377825934942e-02,1.000000000000000000e+00
5.060000000000000053e-01,-1.765730034206275612e+00,-1.413753091252268002e+00,-1.872174276125953662e+00,-2.926933142726163339e+00,-9.712043274085302436e-01,-6.182875860694027337e-02,1.000000000000000000e+00
5.080000000000000071e-01,-1.761158965115938280e+00,-1.412913059867759058e+00,-1.869716515254797651e+00,-2.930009970386294516e+00,-9.666445924514766030e-01,-6.221903177486636655e-02,1.000000000000000000e+00
5.100000000000000089e-01,-1.756599061183635735e+00,-1.412104021539735355e+00,-1.867234235976639178e+00,-2.933078004514853898e+00,-9.620960663656484835e-01,-6.261080706735884516e-02,1.000000000000000000e+00
5.120000000000000107e-01,-1.752050526796238739e+00,-1.411325967307478724e+00,-1.864727487498571978e+00,-2.936137199783832141e+00,-9.575589536468368523e-01,-6.300408816920427535e-02,1.000000000000000000e+00
5.140000000000000124e-01,-1.747513564197178182e+00,-1.410578885166352103e+00,-1.862196318536268658e+00,-2.939187514574382654e+00,-9.530334566444720323e-01,-6.339887866366397673e-02,1.000000000000000000e+00
5.160000000000000142e-01,-1.742988373428304261e+00,-1.409862760100219381e+00,-1.859640777290947122e+00,-2.942228910968875955e+00,-9.485197755034566747e-01,-6.379518203152430289e-02,1.000000000000000000e+00
5.180000000000000160e-01,-1.738475152272930480e+00,-1.409177574115058063e+00,-1.857060911426383853e+00,-2.945261354741647075e+00,-9.440181081071804536e-01,-6.419300165018942961e-02,1.000000000000000000e+00
5.200000000000000178e-01,-1.733974096200107562e+00,-1.408523306273757214e+00,-1.854456768045962933e+00,-2.948284815348443111e+00,-9.395286500217729930e-01,-6.459234079281653274e-02,1.000000000000000000e+00
5.220000000000000195e-01,-1.729485398310174782e+00,-1.407899932732066706e+00,-1.851828393669757711e+00,-2.951299265914618886e+00,-9.350515944416269987e-01,-6.499320262749458399e-02,1.000000000000000000e+00
5.240000000000000213e-01,-1.725009249281618251e+00,-1.407307426775673331e+00,-1.849175834211649105e+00,-2.954304683222082950e+00,-9.305871321362386706e-01,-6.539559021646722259e-02,1.000000000000000000e+00
5.260000000000000231e-01,-1.725448397095594277e+00,-1.408287782379680220e+00,-1.854065605822660112e+00,-2.948456700570607936e+00,-9.310251687006509957e-01,-6.535731782161584291e-02,1.000000000000000000e+00
5.280000000000000249e-01,-1.725880739779481976e+00,-1.409299360938255585e+00,-1.858933962919805616e+00,-2.942600030905769604e+00,-9.314563795360137899e-01,-6.531834708761477537e-02,1.000000000000000000e+00
5.300000000000000266e-01,-1.726312798911074475e+00,-1.410342217250906138e+00,-1.863780045038284205e+00,-2.936734314825159675e+00,-9.318873082881897751e-01,-6.527942689614495142e-02,1.000000000000000000e+00
5.320000000000000284e-01,-1.726744577243805034e+00,-1.411416457199145436e+00,-1.868603894576712054e+00,-2.930859361759694970e+00,-9.323179587537645530e-01,-6.524059394099863962e-02,1.000000000000000000e+00
5.340000000000000302e-01,-1.727176074452809074e+00,-1.412522225782477658e+00,-1.873405472783089998e+00,-2.924975150605762408e+00,-9.327483284990688572e-01,-6.520177408334967839e-02,1.000000000000000000e+00
5.360000000000000320e-01,-1.727607290919928706e+00,-1.413659630589848115e+00,-1.878184817843779886e+00,-2.919081493157213103e+00,-9.331784189566529886e-01,-6.516300425424206844e-02,1.000000000000000000e+00
5.380000000000000338e-01,-1.728038227337865163e+00,-1.414828781282468917e+00,-1.882941964538412893e+00,-2.913178202852309884e+00,-9.336082318934951774e-01,-6.512432143941035423e-02,1.000000000000000000e+00
5.400000000000000355e-01,-1.728468883361285569e+00,-1.416029825534276698e+00,-1.887676866555282995e+00,-2.907265262910445625e+00,-9.340377648041529035e-01,-6.508565129273878591e-02,1.000000000000000000e+00
5.420000000000000373e-01,-1.728899259609694594e+00,-1.417262866393351750e+00,-1.892389571023935346e+00,-2.901342453029212454e+00,-9.344670200979141583e-01,-6.504705541103165956e-02,1.000000000000000000e+00
5.440000000000000391e-01,-1.729329356038284304e+00,-1.418528045095870604e+00,-1.897080043989391340e+00,-2.895409721995215069e+00,-9.348959962987678507e-01,-6.500848453537769189e-02,1.000000000000000000e+00
5.460000000000000409e-01,-1.729759173215696721e+00,-1.419825471129431582e+00,-1.901748318232189705e+00,-2.889466871817261140e+00,-9.353246953966329880e-01,-6.496998757581300132e-02,1.000000000000000000e+00
5.480000000000000426e-01,-1.730188711064532425e+00,-1.421155287156425695e+00,-1.906394354878901964e+00,-2.883513854495512341e+00,-9.357531158902089308e-01,-6.493151553966239331e-02,1.000000000000000000e+00
5.500000000000000444e-01,-1.730617969924967525e+00,-1.422517612382243835e+00,-1.911018164267537456e+00,-2.877550512736745336e+00,-9.361812588275726377e-01,-6.489309277664434550e-02,1.000000000000000000e+00
5.520000000000000462e-01,-1.731046950446619048e+00,-1.423912563598471959e+00,-1.915619762202884546e+00,-2.871576672563277643e+00,-9.366091259120546964e-01,-6.485475555729394714e-02,1.000000000000000000e+00
5.540000000000000480e-01,-1.731475652294415246e+00,-1.425340292974484724e+00,-1.920199085537274586e+00,-2.865592328044955117e+00,-9.370367146900158151e-01,-6.481643097962948297e-02,1.000000000000000000e+00
5.560000000000000497e-01,-1.731904075854402869e+00,-1.426800918085102454e+00,-1.924756145379270533e+00,-2.859597309089501938e+00,-9.374640266032007174e-01,-6.477815536036549138e-02,1.000000000000000000e+00
5.580000000000000515e-01,-1.732332221804684158e+00,-1.428294558117043866e+00,-1.929290949623967855e+00,-2.853591447554276073e+00,-9.378910633740251690e-01,-6.473996465396855693e-02,1.000000000000000000e+00
5.600000000000000533e-01,-1.732760089814867843e+00,-1.429821366386114123e+00,-1.933803428168916261e+00,-2.847574742676911796e+00,-9.383178225722614840e-01,-6.470178658798307614e-02,1.000000000000000000e+00
5.620000000000000551e-01,-1.733187680268836628e+00,-1.431381462469770938e+00,-1.938293584352171361e+00,-2.841547030452074463e+00,-9.387443056281548071e-01,-6.466365716551339404e-02,1.000000000000000000e+00
5.640000000000000568e-01,-1.733614993840039809e+00,-1.432974967395414634e+00,-1.942761418358283976e+00,-2.835508148918211013e+00,-9.391705142506769910e-01,-6.462561203844678637e-02,1.000000000000000000e+00
5.660000000000000586e-01,-1.734042030202452622e+00,-1.434602035121363306e+00,-1.947206853261309378e+00,-2.829458102868377622e+00,-9.395964460316523770e-01,-6.458757954280569535e-02,1.000000000000000000e+00
5.680000000000000604e-01,-1.734468789737934724e+00,-1.436262786716781870e+00,-1.951629884779765733e+00,-2.823396734736652647e+00,-9.400221023904902218e-01,-6.454959537859740470e-02,1.000000000000000000e+00
5.700000000000000622e-01,-1.729216071595820692e+00,-1.435791975085528804e+00,-1.950613883288085271e+00,-2.824607947386080564e+00,-9.347829551366266809e-01,-6.501686357132477334e-02,1.000000000000000000e+00
5.720000000000000639e-01,-1.723992486937179214e+00,-1.435353882527678815e+00,-1.949567994605564847e+00,-2.825811757574412830e+00,-9.295730210100821012e-01,-6.548687988308637964e-02,1.000000000000000000e+00
5.740000000000000657e-01,-1.718788550457811315e+00,-1.434948718893355402e+00,-1.948494875308583563e+00,-2.827006781360145382e+00,-9.243827904071094670e-01,-6.595878392321433137e-02,1.000000000000000000e+00
5.760000000000000675e-01,-1.713604574548856174e+00,-1.434576528969782272e+00,-1.947394523258209498e+00,-2.828192976779730472e+00,-9.192125751048290105e-01,-6.643256745899285554e-02,1.000000000000000000e+00
5.779999999999999583e-01,-1.708440834899945804e+00,-1.434237298358639778e+00,-1.946266985124560422e+00,-2.829370311021355278e+00,-9.140626508118242510e-01,-6.690823103112442105e-02,1.000000000000000000e+00
5.799999999999999600e-01,-1.703297601118721527e+00,-1.433931007434661176e+00,-1.945112308189797634e+00,-2.830538756226680164e+00,-9.089332871495222621e-01,-6.738577500080354665e-02,1.000000000000000000e+00
5.819999999999999618e-01,-1.698175136902794868e+00,-1.433657631405334643e+00,-1.943930540310949695e+00,-2.831698289505128585e+00,-9.038247478229012311e-01,-6.786519950645943100e-02,1.000000000000000000e+00
5.839999999999999636e-01,-1.693073699962265755e+00,-1.433417140345446761e+00,-1.942721729900032557e+00,-2.832848892919014983e+00,-8.987372905429985570e-01,-6.834650446368784049e-02,1.000000000000000000e+00
5.859999999999999654e-01,-1.692533298530011665e+00,-1.431867305095643861e+00,-1.938333584025932366e+00,-2.838752836327131490e+00,-8.981984329636969466e-01,-6.839964225993327984e-02,1.000000000000000000e+00
5.879999999999999671e-01,-1.691981867938081807e+00,-1.430349363420974518e+00,-1.933926729407512868e+00,-2.844645059321420533e+00,-8.976485209558902056e-01,-6.845192515561344948e-02,1.000000000000000000e+00
5.899999999999999689e-01,-1.691430169493807201e+00,-1.428863424613783684e+00,-1.929498454587666334e+00,-2.850526581810806093e+00,-8.970983445612309426e-01,-6.850432568370408426e-02,1.000000000000000000e+00
5.919999999999999707e-01,-1.690878198287090406e+00,-1.427409389465915224e+00,-1.925048735092387941e+00,-2.856397603258696183e+00,-8.965478967708548907e-01,-6.855677475159861756e-02,1.000000000000000000e+00
5.939999999999999725e-01,-1.690325954491665117e+00,-1.425987134865971173e+00,-1.920577588947057546e+00,-2.862258228906275903e+00,-8.959971778152970856e-01,-6.860927283350522210e-02,1.000000000000000000e+00
5.959999999999999742e-01,-1.689773439060224591e+00,-1.424596517027380216e+00,-1.916085078374909045e+00,-2.868108463185999213e+00,-8.954461906639366031e-01,-6.866188921099777853e-02,1.000000000000000000e+00
5.979999999999999760e-01,-1.689220650476445762e+00,-1.423237440698809753e+00,-1.911571155883325934e+00,-2.873948551401642959e+00,-8.948949311212369695e-01,-6.871453180618430912e-02,1.000000000000000000e+00
5.999999999999999778e-01,-1.688667590263383200e+00,-1.421909756438429984e+00,-1.907035894444490953e+00,-2.879778466845753115e+00,-8.943434034080013362e-01,-6.876729331543318668e-02,1.000000000000000000e+00
6.019999999999999796e-01,-1.688114256836925620e+00,-1.420613370730125169e+00,-1.902479241466669579e+00,-2.885598458758222851e+00,-8.937916032428621094e-01,-6.882008107761963811e-02,1.000000000000000000e+00
6.039999999999999813e-01,-1.687560651730740213e+00,-1.419348134953459351e+00,-1.897901265676137816e+00,-2.891408503287610454e+00,-8.932395348745078012e-01,-6.887298836393331014e-02,1.000000000000000000e+00
6.059999999999999831e-01,-1.687006773352049960e+00,-1.418113957620163568e+00,-1.893301909251884574e+00,-2.897208853432466036e+00,-8.926871939966806169e-01,-6.892592195641518427e-02,1.000000000000000000e+00
6.079999999999999849e-01,-1.686452623244724114e+00,-1.416910691119681154e+00,-1.888681236607237857e+00,-2.902999488083223500e+00,-8.921345848846115034e-01,-6.897897568704329518e-02,1.000000000000000000e+00
6.099999999999999867e-01,-1.685898199807310149e+00,-1.415738246170295200e+00,-1.884039184618500062e+00,-2.908780663895585317e+00,-8.915817032070300074e-01,-6.903205577719530306e-02,1.000000000000000000e+00
6.119999999999999885e-01,-1.685343504593944219e+00,-1.414596476350407750e+00,-1.879375813321981337e+00,-2.914552362383026729e+00,-8.910285532658868135e-01,-6.908525662350126217e-02,1.000000000000000000e+00
6.139999999999999902e-01,-1.684788535994442338e+00,-1.413485294757385269e+00,-1.874691054213878605e+00,-2.920314843767121360e+00,-8.904751307047310549e-01,-6.913848388280406654e-02,1.000000000000000000e+00
6.159999999999999920e-01,-1.684233295573272393e+00,-1.412404556331455119e+00,-1.869984962885645086e+00,-2.926068092075495120e+00,-8.899214398524114555e-01,-6.919183252028833497e-02,1.000000000000000000e+00
6.179999999999999938e-01,-1.683677782051405059e+00,-1.411354169003780967e+00,-1.865257481460851574e+00,-2.931812336125638296e+00,-8.893674773634039354e-01,-6.924523152660511105e-02,1.000000000000000000e+00
6.199999999999999956e-01,-1.683121995582641084e+00,-1.410334020042862457e+00,-1.860508596684160354e+00,-2.937547701982160309e+00,-8.888132433874965654e-01,-6.929868080188629487e-02,1.000000000000000000e+00
6.219999999999999973e-01,-1.682565937165455106e+00,-1.409343973939624073e+00,-1.855738341626850696e+00,-2.943274212194985306e+00,-8.882587410201382427e-01,-6.935225238307701767e-02,1.000000000000000000e+00
6.239999999999999991e-01,-1.682009605229237037e+00,-1.408383950562206000e+00,-1.850946633904001049e+00,-2.948992135505275058e+00,-8.877039659048496789e-01,-6.940585053020922879e-02,1.000000000000000000e+00
6.260000000000000009e-01,-1.681453001364080713e+00,-1.407453808978195831e+00,-1.846133517662896351e+00,-2.954701461829918330e+00,-8.871489224369317750e-01,-6.945957162838191368e-02,1.000000000000000000e+00
6.280000000000000027e-01,-1.680896123928833141e+00,-1.406553471892721063e+00,-1.841298904891863986e+00,-2.960402463298177800e+00,-8.865936061704881022e-01,-6.951331932764086285e-02,1.000000000000000000e+00
6.300000000000000044e-01,-1.680338974524657303e+00,-1.405682800294591361e+00,-1.836442835027294107e+00,-2.966095132022217751e+00,-8.860380215299564766e-01,-6.956719061429099404e-02,1.000000000000000000e+00
6.320000000000000062e-01,-1.679781551501355885e+00,-1.404841719980851611e+00,-1.831565214268068287e+00,-2.971779743411310015e+00,-8.854821640434274999e-01,-6.962108855602128221e-02,1.000000000000000000e+00
6.340000000000000080e-01,-1.679223856470732912e+00,-1.404030094015313646e+00,-1.826666077242897757e+00,-2.977456291723640014e+00,-8.849260381630709160e-01,-6.967511072565341079e-02,1.000000000000000000e+00
6.360000000000000098e-01,-1.678665888122840233e+00,-1.403247843108502257e+00,-1.821745340924470380e+00,-2.983125020098897906e+00,-8.843696404556423696e-01,-6.972918416393295016e-02,1.000000000000000000e+00
6.380000000000000115e-01,-1.674340867960238510e+00,-1.403001963492831239e+00,-1.818822383166226686e+00,-2.986028065477505766e+00,-8.800568011848728389e-01,-7.014854345292860505e-02,1.000000000000000000e+00
6.400000000000000133e-01,-1.670038013568672985e+00,-1.402787034066039551e+00,-1.815874605810160691e+00,-2.988921446411739069e+00,-8.757661938055332218e-01,-7.057018175642083835e-02,1.000000000000000000e+00
6.420000000000000151e-01,-1.665750003104005339e+00,-1.402602330092993954e+00,-1.812903222447463714e+00,-2.991805820787800219e+00,-8.714904760942461248e-01,-7.099338145398502442e-02,1.000000000000000000e+00
6.440000000000000169e-01,-1.661477006994082295e+00,-1.402447823137775718e+00,-1.809908238062644559e+00,-2.994681211971903068e+00,-8.672298180944517654e-01,-7.141813823726961274e-02,1.000000000000000000e+00
6.460000000000000187e-01,-1.657219172592074852e+00,-1.402323447366292886e+00,-1.806889686717153110e+00,-2.997547650635667971e+00,-8.629843672002555088e-01,-7.184445342854667294e-02,1.000000000000000000e+00
6.480000000000000204e-01,-1.652976644032787990e+00,-1.402229134815138778e+00,-1.803847601501626707e+00,-3.000405170714691483e+00,-8.587542675849713092e-01,-7.227232826546411970e-02,1.000000000000000000e+00
6.500000000000000222e-01,-1.648749562346886410e+00,-1.402164815448840640e+00,-1.800782014507339435e+00,-3.003253809403058749e+00,-8.545396603145662962e-01,-7.270176387412594088e-02,1.000000000000000000e+00
6.520000000000000240e-01,-1.644538065436920382e+00,-1.402130417212665181e+00,-1.797692956804041398e+00,-3.006093607122472200e+00,-8.503406833236848428e-01,-7.313276126907106156e-02,1.000000000000000000e+00
6.540000000000000258e-01,-1.640342288055577136e+00,-1.402125866086676886e+00,-1.794580458417252444e+00,-3.008924607490457426e+00,-8.461574713939032932e-01,-7.356532135343421541e-02,1.000000000000000000e+00
6.560000000000000275e-01,-1.636162361785688191e+00,-1.402151086140374314e+00,-1.791444548305509477e+00,-3.011746857287962431e+00,-8.419901561337448381e-01,-7.399944491915504130e-02,1.000000000000000000e+00
6.580000000000000293e-01,-1.631998415021996385e+00,-1.402205999587863072e+00,-1.788285254337578234e+00,-3.014560406426369799e+00,-8.378388659604525390e-01,-7.443513264723555789e-02,1.000000000000000000e+00
6.600000000000000311e-01,-1.627850572954689046e+00,-1.402290526843555485e+00,-1.785102603269600019e+00,-3.017365307913974171e+00,-8.337037260835329366e-01,-7.487238510804390679e-02,1.000000000000000000e+00
6.620000000000000329e-01,-1.623718957554683984e+00,-1.402404586578359647e+00,-1.781896620722174696e+00,-3.020161617821954803e+00,-8.295848584900521461e-01,-7.531120276166528016e-02,1.000000000000000000e+00
6.640000000000000346e-01,-1.619603687560662530e+00,-1.402548095776301018e+00,-1.778667331157390175e+00,-3.022949395249886706e+00,-8.254823819316785549e-01,-7.575158595830046304e-02,1.000000000000000000e+00
6.660000000000000364e-01,-1.615504878467860506e+00,-1.402720969791615424e+00,-1.775414757855740211e+00,-3.025728702290823247e+00,-8.213964119134898878e-01,-7.619353493870828498e-02,1.000000000000000000e+00
6.680000000000000382e-01,-1.611422642518593573e+00,-1.402923122406209755e+00,-1.772138922892982027e+00,-3.028499603995995049e+00,-8.173270606845104425e-01,-7.663704983469440957e-02,1.000000000000000000e+00
6.700000000000000400e-01,-1.607357088694505221e+00,-1.403154465887510138e+00,-1.768839847116890240e+00,-3.031262168339145191e+00,-8.132744372299750557e-01,-7.708213066964512972e-02,1.000000000000000000e+00
6.720000000000000417e-01,-1.603308322710541356e+00,-1.403414911046652502e+00,-1.765517550123885115e+00,-3.034016466180579297e+00,-8.092386472653210205e-01,-7.752877735910453094e-02,1.000000000000000000e+00
6.740000000000000435e-01,-1.599276447010626656e+00,-1.403704367296993993e+00,-1.762172050235574661e+00,-3.036762571230915420e+00,-8.052197932318826412e-01,-7.797698971139500890e-02,1.000000000000000000e+00
6.760000000000000453e-01,-1.595261560765025122e+00,-1.404022742712913052e+00,-1.758803364475139075e+00,-3.039500560014618991e+00,-8.012179742942704408e-01,-7.842676742828076641e-02,1.000000000000000000e+00
6.780000000000000471e-01,-1.591263759869381289e+00,-1.404369944088867506e+00,-1.755411508543596844e+00,-3.042230511833340589e+00,-7.972332863394332447e-01,-7.887811010567305492e-02,1.000000000000000000e+00
6.800000000000000488e-01,-1.587283136945410567e+00,-1.404745876998702236e+00,-1.751996496795914293e+00,-3.044952508729090734e+00,-7.932658219773702779e-01,-7.933101723437617492e-02,1.000000000000000000e+00
6.820000000000000506e-01,-1.583319781343228927e+00,-1.405150445855158692e+00,-1.748558342216950168e+00,-3.047666635447308536e+00,-7.893156705434836162e-01,-7.978548820087379145e-02,1.000000000000000000e+00
6.840000000000000524e-01,-1.579373779145293977e+00,-1.405583553969574462e+00,-1.745097056397238777e+00,-3.050372979399841977e+00,-7.853829181025433481e-01,-8.024152228815446819e-02,1.000000000000000000e+00
6.860000000000000542e-01,-1.575445213171937864e+00,-1.406045103611741620e+00,-1.741612649508577526e+00,-3.053071630627899324e+00,-7.814676474542455731e-01,-8.069911867657601767e-02,1.000000000000000000e+00
6.880000000000000560e-01,-1.571534162988468264e+00,-1.406534996069902288e+00,-1.738105130279425481e+00,-3.055762681764990329e+00,-7.775699381403399224e-01,-8.115827644476680813e-02,1.000000000000000000e+00
6.900000000000000577e-01,-1.567640704913814576e+00,-1.407053131710862770e+00,-1.734574505970081226e+00,-3.058446227999917166e+00,-7.736898664533015113e-01,-8.161899457056363827e-02,1.000000000000000000e+00
6.920000000000000595e-01,-1.563764912030684684e+00,-1.407599410040187626e+00,-1.731020782347646891e+00,-3.061122367039831538e+00,-7.698275054465185674e-01,-8.208127193198522242e-02,1.000000000000000000e+00
6.940000000000000613e-01,-1.559906854197213200e+00,-1.408173729762469018e+00,-1.727443963660747039e+00,-3.063791199073412130e+00,-7.659829249459679801e-01,-8.254510730824049514e-02,1.000000000000000000e+00
6.960000000000000631e-01,-1.556066598060067863e+00,-1.408775988841636906e+00,-1.723844052614002198e+00,-3.066452826734192616e+00,-7.621561915633521256e-01,-8.301049938076986157e-02,1.000000000000000000e+00
6.980000000000000648e-01,-1.552244207068989024e+00,-1.409406084561301453e+00,-1.720221050342221503e+00,-3.069107355064083276e+00,-7.583473687106707661e-01,-8.347744673431868601e-02,1.000000000000000000e+00
7.000000000000000666e-01,-1.554494456434315497e+00,-1.408616113377586299e+00,-1.716082277298374814e+00,-3.074234494813337104e+00,-7.605896534533939102e-01,-8.320332570583872933e-02,1.000000000000000000e+00
